61
-50.39343
-914.40979
-33.39343
-855.40979
-14.39343
-792.40979
60.60657
-751.40979
124.60657
-789.40979
173.60657
-829.40979
241.60657
-819.40979
280.60657
-769.40979
286.60657
-698.40979
246.60657
-607.40979
145.60657
-566.40979
36.60657
-538.40979
-18.39343
-460.40979
-11.39343
-376.40979
138.60657
-275.40979
238.60657
-247.40979
286.60657
-132.40979
296.60657
-34.40979
242.60657
77.59021
248.60657
188.59021
226.60657
258.59021
150.60657
303.59021
88.60657
368.59021
73.60657
602.59021
196.60657
713.59021
309.60657
764.59021
297.60657
936.59021
218.60657
1008.59021
93.60657
981.59021
64.60657
859.59021
0.60657
813.59021
-107.39343
881.59021
-204.39343
976.59021
-264.39343
961.59021
-302.39343
868.59021
-247.39343
765.59021
-193.39343
720.59021
-152.39343
665.59021
-109.39343
592.59021
-94.39343
540.59021
-106.39343
473.59021
-144.39343
398.59021
-176.39343
330.59021
-113.39343
243.59021
-57.39343
191.59021
9.60657
144.59021
49.60657
82.59021
62.60657
25.59021
51.60657
-51.40979
-12.39343
-112.40979
-141.39343
-110.40979
-237.39343
-146.40979
-311.39343
-303.40979
-318.39343
-406.40979
-279.39343
-503.40979
-230.39343
-593.40979
-181.39343
-643.40979
-186.39343
-742.40979
-245.39343
-814.40979
-233.39343
-902.40979
-108.39343
-948.40979
