64
-112.20313
-924.50000
-107.20313
-846.50000
-65.20313
-789.50000
36.79688
-768.50000
122.79688
-809.50000
209.79688
-787.50000
249.79688
-697.50000
206.79688
-597.50000
72.79688
-549.50000
0.79688
-502.50000
-19.20313
-421.50000
2.79688
-354.50000
85.79688
-288.50000
151.79688
-228.50000
260.79688
-222.50000
348.79688
-95.50000
299.79688
17.50000
216.79688
58.50000
122.79688
17.50000
47.79688
30.50000
2.79688
88.50000
-44.20313
148.50000
-19.20313
223.50000
59.79688
287.50000
160.79688
331.50000
280.79688
408.50000
303.79688
520.50000
242.79688
618.50000
181.79688
681.50000
177.79688
765.50000
222.79688
860.50000
257.79688
962.50000
207.79688
1060.50000
139.79688
1193.50000
-11.20313
1149.50000
-97.20313
1014.50000
-39.20313
898.50000
23.79688
806.50000
34.79688
724.50000
-5.20313
684.50000
-41.20313
646.50000
-50.20313
591.50000
-16.20313
499.50000
-21.20313
433.50000
-87.20313
400.50000
-178.20313
390.50000
-242.20313
273.50000
-247.20313
156.50000
-227.20313
39.50000
-185.20313
-23.50000
-72.20313
-108.50000
-92.20313
-187.50000
-166.20313
-233.50000
-212.20313
-303.50000
-245.20313
-385.50000
-270.20313
-482.50000
-233.20313
-547.50000
-182.20313
-600.50000
-188.20313
-701.50000
-213.20313
-764.50000
-266.20313
-831.50000
-287.20313
-891.50000
-262.20313
-967.50000
-167.20313
-995.50000
