83
71.86749
-1135.48193
-68.13251
-1116.48193
-102.13251
-1039.48193
-78.13251
-985.48193
-24.13251
-955.48193
39.86749
-902.48193
41.86749
-837.48193
25.86749
-777.48193
-42.13251
-735.48193
-140.13251
-712.48193
-169.13251
-654.48193
-156.13251
-576.48193
-143.13251
-476.48193
-87.13251
-424.48193
-19.13251
-415.48193
36.86749
-450.48193
90.86749
-484.48193
137.86749
-471.48193
183.86749
-404.48193
139.86749
-316.48193
80.26953
-237.48193
110.86749
-155.48193
156.26953
-97.48193
145.26953
-31.48193
80.86749
-11.48193
-46.13251
-35.48193
-79.55383
-117.24645
-175.72035
-156.84444
-222.13251
-120.48193
-253.13251
-59.48193
-284.13251
18.51807
-273.73047
72.51807
-225.73047
134.51807
-134.73047
156.51807
-4.13251
123.51807
63.86749
198.51807
39.86749
295.51807
-54.13251
374.51807
-197.13251
350.51807
-287.13251
334.51807
-369.13251
409.51807
-413.13251
474.51807
-412.13251
560.51807
-370.13251
640.51807
-257.13251
710.51807
-156.13251
779.51807
-154.13251
859.51807
-203.13251
937.51807
-269.73047
991.51807
-274.13251
1072.51807
-242.13251
1132.51807
-136.13251
1180.51807
-59.13251
1166.51807
2.86749
1107.51807
51.86749
1010.51807
57.86749
931.51807
46.86749
831.51807
38.86749
757.51807
-7.13251
677.51807
-51.13251
614.51807
-17.13251
536.51807
62.86749
496.51807
134.86749
471.51807
187.86749
428.51807
225.86749
331.51807
226.86749
245.51807
226.86749
182.51807
251.86749
97.51807
296.86749
34.51807
333.86749
-14.48193
350.26953
-91.48193
316.86749
-153.48193
287.86749
-237.48193
324.86749
-329.48193
350.86749
-414.48193
322.86749
-482.48193
295.86749
-549.48193
251.86749
-639.48193
217.86749
-713.48193
246.86749
-783.48193
263.86749
-909.48193
262.86749
-979.48193
189.86749
-1070.48193
