77
-272.19482
-819.88312
-213.19482
-755.88312
-155.19482
-702.88312
-85.19482
-723.88312
-5.19482
-768.88312
24.80518
-831.88312
51.80518
-875.88312
97.80518
-899.88312
162.80518
-887.88312
200.80518
-840.88312
204.80518
-790.88312
171.80518
-705.88312
143.80518
-668.88312
83.80518
-627.88312
52.80518
-586.88312
8.80518
-557.88312
-33.19482
-506.88312
-53.19482
-442.88312
-55.19482
-379.88312
-27.19482
-317.88312
34.80518
-290.88312
100.80518
-285.88312
167.80518
-250.88312
202.80518
-216.88312
210.80518
-153.88312
175.80518
-115.88312
130.80518
-95.88312
84.80518
-46.88312
63.80518
5.11688
64.80518
65.11688
86.80518
120.11688
124.80518
159.11688
185.80518
190.11688
249.80518
210.11688
328.80518
310.11688
342.80518
407.11688
315.80518
489.11688
272.80518
517.11688
212.80518
548.11688
158.80518
576.11688
93.80518
626.11688
21.80518
654.11688
-4.19482
694.11688
22.80518
754.11688
90.80518
809.11688
133.80518
842.11688
162.80518
930.11688
122.80518
1000.11688
65.80518
1026.11694
-44.19482
991.11688
-81.19482
936.11688
-166.19482
862.11688
-212.19482
781.11688
-216.19482
705.11688
-206.19482
616.11688
-175.19482
571.11688
-94.19482
526.11688
-34.19482
487.11688
31.80518
420.11688
37.80518
352.11688
27.80518
308.11688
-12.19482
280.11688
-97.19482
275.11688
-145.19482
231.11688
-150.19482
172.11688
-183.19482
66.11688
-167.19482
-12.88312
-134.19482
-82.88312
-112.19482
-175.88312
-179.19482
-244.88312
-240.19482
-297.88312
-247.19482
-376.88312
-310.19482
-430.88312
-348.19482
-525.88312
-374.19482
-610.88312
-370.19482
-712.88312
-340.19482
-813.88312
