71
-42.70422
-919.29578
-112.70422
-938.29578
-202.70422
-965.29578
-258.70422
-924.29578
-270.70422
-862.29578
-243.70422
-788.29578
-169.70422
-760.29578
-102.70422
-705.29578
-92.70422
-653.29578
-115.70422
-605.29578
-155.70422
-559.29578
-194.70422
-521.29578
-221.70422
-445.29578
-183.70422
-331.29578
-80.70422
-304.29578
-7.70422
-260.29578
-2.70422
-180.29578
-26.70422
-114.29578
-82.70422
-43.29578
-179.70422
-41.29578
-257.70422
-24.29578
-303.70422
23.70422
-318.70422
153.70422
-282.70422
244.70422
-225.70422
294.70422
-166.70422
317.70422
-131.70422
360.70422
-123.70422
433.70422
-144.70422
510.70422
-184.70422
543.70422
-250.70422
618.70422
-241.70422
736.70422
-208.70422
830.70422
-151.70422
852.70422
-104.70422
870.70422
-38.70422
908.70422
23.29578
983.70422
46.29578
1030.70422
102.29578
1091.70422
204.29578
1154.70422
291.29578
1120.70422
323.29578
1054.70422
314.29578
986.70422
276.29578
922.70422
208.29578
852.70422
147.29578
789.70422
105.29578
668.70422
91.29578
565.70422
103.29578
488.70422
135.29578
401.70422
113.29578
305.70422
68.29578
240.70422
49.29578
155.70422
78.29578
77.70422
158.29578
31.70422
252.29578
-18.29578
294.29578
-91.29578
296.29578
-217.29578
242.29578
-297.29578
192.29578
-341.29578
152.29578
-408.29578
177.29578
-491.29578
165.29578
-595.29578
171.29578
-686.29578
216.29578
-774.29578
232.29578
-861.29578
212.29578
-939.29578
195.29578
-993.29578
125.29578
-1018.29578
79.29578
-996.29578
36.29578
-950.29578
