70
-218.52856
-823.74280
-265.52856
-945.74280
-245.52856
-1035.74280
-194.52856
-1089.74280
-75.52856
-1118.74280
-2.52856
-1097.74280
47.47144
-1049.74280
68.47144
-997.74280
67.47144
-950.74280
45.47144
-874.74280
14.47144
-804.74280
-19.52856
-735.74280
-48.52856
-656.74280
-64.52856
-580.74280
-39.52856
-496.74280
0.47144
-462.74280
118.47144
-407.74280
253.47144
-406.74280
349.47144
-314.74280
354.47144
-222.74280
343.47144
-140.74280
266.47144
-101.74280
171.47144
-82.74280
104.47144
-14.74280
101.47144
51.25720
117.47144
116.25720
166.47144
184.25720
254.47144
205.25720
312.47144
238.25720
334.47144
308.25720
306.47144
396.25720
191.47144
454.25720
101.47144
489.25720
92.47144
602.25720
118.47144
688.25720
199.47144
744.25720
257.47144
804.25720
249.47144
925.25720
187.47144
958.25720
83.47144
969.25720
27.47144
999.25720
-12.52856
1124.25720
-115.52856
1146.25720
-215.52856
1102.25720
-239.52856
1009.25720
-204.52856
921.25720
-119.52856
881.25720
-64.52856
801.25720
-62.52856
719.25720
-84.52856
667.25720
-171.52856
584.25720
-199.52856
495.25720
-163.52856
392.25720
-43.52856
361.25720
-9.52856
280.25720
-86.52856
199.25720
-165.52856
151.25720
-201.52856
53.25720
-180.52856
-33.74280
-97.52856
-90.74280
-40.52856
-135.74280
-49.52856
-200.74280
-107.52856
-261.74280
-158.52856
-297.74280
-232.52856
-369.74280
-262.52856
-482.74280
-292.52856
-576.74280
-244.52856
-667.74280
-197.52856
-712.74280
-189.52856
-772.74280
