64
119.18750
-903.48438
97.18750
-850.48438
59.18750
-799.48438
57.18750
-740.48438
87.18750
-683.48438
172.18750
-642.48438
273.18750
-626.48438
305.18750
-563.48438
296.18750
-478.48438
248.18750
-445.48438
133.18750
-430.48438
43.18750
-382.48438
5.18750
-334.48438
13.18750
-232.48438
96.18750
-168.48438
159.18750
-131.48438
239.18750
-93.48438
295.18750
-31.48438
297.18750
54.51563
313.18750
156.51563
291.18750
243.51563
191.18750
302.51563
174.18750
370.51563
208.18750
481.51563
295.18750
554.51563
315.18750
689.51563
220.18750
744.51563
68.18750
745.51563
-91.81250
799.51563
-71.81250
919.51563
-31.81250
1020.51563
-70.81250
1118.51563
-140.81250
1158.51563
-267.81250
1093.51563
-327.81250
957.51563
-323.81250
880.51563
-309.81250
798.51563
-267.81250
744.51563
-173.81250
692.51563
-92.81250
644.51563
-52.81250
572.51563
-61.81250
490.51563
-112.81250
417.51563
-100.81250
338.51563
-75.81250
263.51563
20.18750
207.51563
29.18750
133.51563
-34.81250
55.51563
-97.81250
9.51563
-177.81250
-42.48438
-212.81250
-138.48438
-233.81250
-220.48438
-242.81250
-323.48438
-175.81250
-416.48438
-140.81250
-470.48438
-115.81250
-583.48438
-167.81250
-661.48438
-236.81250
-712.48438
-254.81250
-812.48438
-243.81250
-901.48438
-185.81250
-944.48438
-83.81250
-978.48438
17.18750
-978.48438
95.18750
-959.48438
