49
-121.32654
-755.02039
-221.32654
-749.02039
-263.32654
-664.02039
-277.32654
-538.02039
-223.32654
-471.02039
-39.32654
-479.02039
32.67346
-429.02039
46.67346
-326.02039
6.67346
-264.02039
-110.32654
-218.02039
-123.32654
-152.02039
-49.32654
-20.02039
55.67346
12.97961
104.67346
76.97961
53.67346
155.97961
-63.32654
195.97961
-137.32654
236.97961
-247.32654
332.97961
-227.32654
414.97961
-231.32654
485.97961
-271.32654
577.97961
-341.32654
621.97961
-337.32654
747.97961
-289.32654
839.97961
-200.32654
977.97961
-77.32654
917.97961
-29.32654
842.97961
-25.32654
747.97961
-46.32654
624.97961
-47.32654
510.97961
12.67346
393.97961
67.67346
355.97961
179.67346
326.97961
293.67346
237.97961
342.67346
132.97961
291.67346
21.97961
264.67346
-54.02039
300.67346
-131.02039
298.67346
-202.02039
250.67346
-255.02039
231.67346
-314.02039
260.67346
-376.02039
285.67346
-507.02039
280.67346
-584.02039
235.67346
-648.02039
170.67346
-670.02039
87.67346
-615.02039
-1.32654
-608.02039
-74.32654
-693.02039
