58
-105.32758
-637.34485
-200.32758
-672.34485
-286.32758
-671.34485
-317.32758
-618.34485
-305.32758
-517.34485
-221.32758
-464.34485
-166.32758
-476.34485
-116.32758
-485.34485
-60.32758
-467.34485
-24.32758
-420.34485
-29.32758
-367.34485
-51.32758
-324.34485
-82.32758
-282.34485
-132.32758
-217.34485
-99.32758
-109.34485
18.67242
-61.34485
99.67242
-77.34485
164.67242
-31.34485
146.67242
71.65515
97.67242
112.65515
-2.32758
147.65515
-89.32758
131.65515
-144.32758
17.65515
-201.32758
-48.34485
-251.32758
-40.34485
-284.32758
6.65515
-309.32758
113.65515
-301.32758
190.65515
-279.32758
237.65515
-189.32758
328.65515
-108.32758
368.65515
-9.32758
415.65515
-6.32758
516.65515
-34.32758
580.65515
-59.32758
711.65515
-16.32758
761.65515
47.67242
817.65515
123.67242
790.65515
215.67242
769.65515
242.67242
699.65515
209.67242
622.65515
181.67242
531.65515
184.67242
429.65515
191.67242
357.65515
182.67242
285.65515
180.67242
218.65515
239.67242
162.65515
279.67242
103.65515
312.67242
17.65515
282.67242
-96.34485
249.67242
-171.34485
213.67242
-216.34485
217.67242
-287.34485
239.67242
-407.34485
158.67242
-525.34485
119.67242
-582.34485
56.67242
-605.34485
-20.32758
-587.34485
