79
-155.18988
-807.78479
-114.18988
-751.78479
-103.18988
-704.78479
-74.18988
-665.78479
-0.18988
-663.78479
54.81012
-685.78479
73.81012
-735.78479
98.81012
-800.78479
127.81012
-842.78479
180.81012
-855.78479
225.81012
-837.78479
270.81012
-802.78479
283.81012
-770.78479
285.81012
-727.78479
275.81012
-656.78479
244.81012
-590.78479
210.81012
-536.78479
102.81012
-509.78479
6.81012
-469.78479
-58.18988
-438.78479
-83.18988
-382.78479
-72.18988
-325.78479
-24.18988
-262.78479
30.81012
-243.78479
115.81012
-248.78479
186.81012
-200.78479
248.81012
-170.78479
264.81012
-103.78479
215.81012
-51.78479
125.81012
-13.78479
60.81012
25.21521
66.81012
139.21521
92.81012
187.21521
150.81012
206.21521
247.81012
255.21521
291.81012
314.21521
282.81012
401.21521
229.81012
445.21521
110.81012
472.21521
60.81012
496.21521
-16.18988
540.21521
-52.18988
588.21521
-47.18988
631.21521
-19.18988
693.21521
0.81012
721.21521
62.81012
791.21521
154.81012
822.21521
205.81012
874.21521
205.81012
962.21521
167.81012
1041.21521
92.81012
1098.21521
13.81012
1055.21521
-18.18988
978.21521
-63.18988
917.21521
-109.18988
875.21521
-178.18988
832.21521
-208.18988
783.21521
-247.18988
696.21521
-257.18988
612.21521
-251.18988
521.21521
-192.18988
460.21521
-109.18988
403.21521
-87.18988
334.21521
-135.18988
268.21521
-171.18988
220.21521
-207.18988
125.21521
-200.18988
59.21521
-136.18988
-4.78479
-119.18988
-77.78479
-177.18988
-147.78479
-237.18988
-213.78479
-247.18988
-267.78479
-303.18988
-378.78479
-301.18988
-474.78479
-301.18988
-545.78479
-309.18988
-630.78479
-307.18988
-691.78479
-275.18988
-746.78479
-219.18988
-812.78479
