60
-275.18335
-1000.59998
-245.18335
-1110.59998
-145.18335
-1159.59998
-26.18335
-1155.59998
91.81665
-1118.59998
121.81665
-1047.59998
110.81665
-975.59998
56.81665
-920.59998
8.81665
-824.59998
-0.18335
-725.59998
71.81665
-670.59998
141.81665
-620.59998
142.81665
-536.59998
156.81665
-444.59998
99.81665
-369.59998
41.81665
-301.59998
49.81665
-235.59998
116.81665
-151.59998
205.81665
-72.59998
255.81665
24.40002
228.81665
125.40002
130.81665
162.40002
68.81665
214.40002
64.81665
337.40002
143.81665
409.40002
252.81665
443.40002
291.81665
546.40002
249.81665
610.40002
170.81665
671.40002
139.81665
779.40002
198.81665
866.40002
211.81665
944.40002
199.81665
992.40002
139.81665
1042.40002
47.81665
1023.40002
-0.18335
980.40002
-18.18335
914.40002
-73.18335
861.40002
-158.18335
863.40002
-205.18335
824.40002
-207.18335
746.40002
-156.18335
664.40002
-87.18335
621.40002
-76.18335
546.40002
-141.18335
481.40002
-187.18335
416.40002
-143.18335
322.40002
-117.18335
241.40002
-107.18335
175.40002
-115.18335
94.40002
-182.18335
-29.59998
-164.18335
-113.59998
-123.18335
-218.59998
-144.18335
-308.59998
-211.18335
-371.59998
-215.18335
-464.59998
-147.18335
-565.59998
-163.18335
-686.59998
-217.18335
-786.59998
-302.18335
-850.59998
