66
-85.50000
-780.66663
-74.50000
-853.66663
13.50000
-900.66663
96.50000
-904.66663
159.50000
-872.66663
199.50000
-792.66663
192.50000
-733.66663
127.50000
-658.66663
27.50000
-608.66663
-6.50000
-555.66663
-20.50000
-474.66663
9.50000
-418.66663
81.50000
-378.66663
163.50000
-383.66663
285.50000
-387.66663
324.50000
-342.66663
315.50000
-266.66663
276.50000
-206.66663
177.50000
-190.66663
95.50000
-128.66663
93.50000
-56.66663
118.50000
36.33337
196.50000
102.33337
289.50000
115.33337
327.50000
160.33337
318.50000
253.33337
217.50000
297.33337
52.50000
278.33337
-13.50000
277.33337
-60.50000
323.33337
-53.50000
419.33337
-40.50000
498.33337
21.50000
534.33337
94.50000
546.33337
193.50000
562.33337
238.50000
644.33337
175.50000
760.33337
88.50000
770.33337
-0.50000
763.33337
-53.50000
813.33337
-115.50000
874.33337
-199.50000
876.33337
-233.50000
816.33337
-220.50000
765.33337
-192.50000
689.33337
-180.50000
655.33337
-174.50000
599.33337
-186.50000
547.33337
-214.50000
465.33337
-241.50000
343.33337
-208.50000
278.33337
-182.50000
213.33337
-104.50000
130.33337
-105.50000
67.33337
-88.50000
-2.66663
-102.50000
-74.66663
-107.50000
-146.66663
-119.50000
-219.66663
-204.50000
-271.66663
-230.50000
-345.66663
-197.50000
-410.66663
-189.50000
-496.66663
-217.50000
-560.66663
-208.50000
-618.66663
-144.50000
-659.66663
-84.50000
-708.66663
