35
160.59998
-582.94287
88.59998
-637.94287
-7.40002
-632.94287
-37.40002
-507.94287
-1.40002
-455.94287
4.59998
-370.94287
-99.40002
-318.94287
-180.40002
-276.94287
-173.40002
-184.94287
-75.40002
-133.94287
-0.40002
-70.94287
-23.40002
2.05713
-113.40002
36.05713
-243.40002
54.05713
-318.40002
182.05713
-275.40002
284.05713
-199.40002
362.05713
-138.40002
394.05713
-117.40002
474.05713
-156.40002
543.05713
-152.40002
615.05713
-87.40002
643.05713
32.59998
571.05713
141.59998
548.05713
208.59998
413.05713
147.59998
344.05713
49.59998
273.05713
11.59998
188.05713
88.59998
108.05713
203.59998
23.05713
229.59998
-137.94287
175.59998
-220.94287
193.59998
-315.94287
269.59998
-433.94287
271.59998
-532.94287
