35
-216.22858
-595.31433
-177.22858
-672.31433
-43.22858
-636.31433
-33.22858
-554.31433
-73.22858
-494.31433
-77.22858
-403.31433
3.77142
-367.31433
111.77142
-338.31433
145.77142
-228.31433
32.77142
-105.31433
63.77142
-20.31433
210.77142
-54.31433
274.77142
-125.31433
354.77142
-125.31433
388.77142
-5.31433
232.77142
149.68567
204.77142
247.68567
121.77142
325.68567
128.77142
481.68567
146.77142
600.68567
33.77142
682.68567
30.77142
833.68567
-81.22858
880.68567
-206.22858
651.68567
-73.22858
553.68567
-65.22858
426.68567
-100.22858
329.68567
-153.22858
224.68567
-151.22858
88.68567
-101.22858
-60.31433
-88.22858
-155.31433
-149.22858
-217.31433
-227.22858
-349.31433
-252.22858
-444.31433
-209.22858
-514.31433
