36
200.72223
-586.38892
253.72223
-511.38892
236.72223
-425.38892
196.72223
-362.38892
91.72223
-330.38892
60.72223
-269.38892
102.72223
-134.38892
218.72223
-130.38892
291.72223
-71.38892
278.72223
29.61108
180.72223
73.61108
75.72223
103.61108
-21.27777
197.61108
55.72223
341.61108
203.57356
469.92123
137.81262
571.74463
33.86793
551.94562
-53.10620
585.88672
-104.72500
672.15375
-204.42706
681.34619
-251.09612
546.99585
-197.27777
369.61108
-148.27777
304.61108
-152.27777
229.61108
-203.27777
144.61108
-198.27777
69.61108
-101.27777
11.61108
-63.27777
-74.38892
-98.27777
-151.38892
-178.27777
-203.38892
-252.27777
-275.38892
-243.27777
-353.38892
-148.27777
-390.38892
-19.27777
-434.38892
4.72223
-545.38892
96.72223
-593.38892
