40
-179.67499
-602.25000
-118.67499
-680.25000
-25.67499
-685.25000
10.32501
-632.25000
20.32501
-573.25000
17.32501
-502.25000
84.32501
-444.25000
198.32501
-465.25000
266.32501
-414.25000
240.32501
-328.25000
140.32501
-294.25000
67.32501
-244.25000
39.32501
-106.25000
169.32501
12.75000
311.32501
37.75000
354.32501
123.75000
323.32501
215.75000
249.32501
245.75000
183.32501
252.75000
102.32501
277.75000
49.32501
387.75000
47.32501
488.75000
-16.67499
550.75000
-75.67499
599.75000
-87.67499
669.75000
-113.67499
734.75000
-180.67499
772.75000
-261.67499
716.75000
-309.67499
614.75000
-292.67499
477.75000
-175.67499
397.75000
-57.67499
235.75000
-39.67499
156.75000
-86.67499
90.75000
-126.67499
-38.25000
-157.67499
-150.25000
-138.67499
-262.25000
-96.67499
-392.25000
-155.67499
-467.25000
-197.67499
-540.25000
