35
-92.65717
-527.79999
-56.65717
-632.79999
13.34283
-680.79999
115.34283
-674.79999
151.34283
-573.79999
122.34283
-517.79999
65.34283
-454.79999
40.34283
-382.79999
81.34283
-294.79999
134.34283
-250.79999
211.34283
-212.79999
229.34283
-126.79999
139.34283
-52.79999
134.34283
19.20001
187.34283
86.20001
193.34283
193.20001
70.34283
268.20001
41.34283
364.20001
156.34283
469.20001
195.34283
583.20001
74.34283
667.20001
-4.65717
708.20001
-61.65717
775.20001
-205.65717
756.20001
-216.65717
636.20001
-105.65717
504.20001
-91.65717
392.20001
-136.65717
290.20001
-112.65717
126.20001
-202.65717
5.20001
-234.65717
-115.79999
-167.65717
-202.79999
-186.65717
-335.79999
-187.65717
-411.79999
-142.65717
-463.79999
