83
76.36145
-973.28918
116.36145
-898.28918
192.36145
-872.28918
258.36145
-873.28918
314.36145
-842.28918
316.36145
-751.28918
264.36145
-718.28918
175.36145
-685.28918
145.36145
-622.28918
179.36145
-564.28918
227.36145
-510.28918
224.36145
-446.28918
160.36145
-387.28918
63.36145
-391.28918
26.36145
-423.28918
4.36145
-466.28918
-37.63855
-504.28918
-104.63855
-502.28918
-135.63855
-476.28918
-148.63855
-430.28918
-133.63855
-369.28918
-109.63855
-311.28918
-32.63855
-273.28918
22.36145
-199.28918
34.36145
-105.28918
35.36145
-40.28918
11.36145
44.71082
32.36145
125.71082
93.36145
195.71082
189.36145
245.71082
310.36145
338.71082
333.36145
453.71082
394.36145
548.71082
386.36145
625.71082
315.36145
688.71082
261.36145
703.71082
205.36145
649.71082
168.36145
587.71082
121.36145
568.71082
82.36145
599.71082
74.36145
677.71082
70.36145
742.71082
71.36145
789.71082
70.36145
852.71082
81.36145
977.71082
3.36145
1022.71082
-103.63855
975.71082
-147.63855
922.71082
-181.63855
845.71082
-158.63855
782.71082
-160.63855
718.71082
-240.63855
659.71082
-257.63855
623.71082
-260.63855
575.71082
-236.63855
544.71082
-176.63855
521.71082
-91.63855
502.71082
-1.63855
508.71082
62.36145
493.71082
85.36145
450.71082
70.36145
402.71082
33.36145
380.71082
-32.63855
363.71082
-105.63855
329.71082
-122.63855
239.71082
-174.63855
147.71082
-160.63855
64.71082
-141.63855
-11.28918
-188.63855
-72.28918
-254.63855
-112.28918
-263.63855
-211.28918
-286.63855
-316.28918
-280.63855
-445.28918
-271.63855
-518.28918
-249.63855
-558.28918
-184.63855
-594.28918
-120.63855
-659.28918
-102.63855
-750.28918
-123.63855
-803.28918
-137.63855
-854.28918
-121.63855
-931.28918
-63.63855
-998.28918
4.36145
-1014.28918
