85
57.05884
-931.44702
54.05884
-868.44702
67.05884
-788.44702
119.05884
-713.44702
221.05884
-718.44702
261.05884
-747.44702
324.05884
-771.44702
380.05884
-744.44702
398.05884
-660.44702
337.05884
-595.44702
293.05884
-567.44702
179.05884
-571.44702
107.05884
-567.44702
61.05884
-524.44702
56.05884
-480.44702
70.05884
-424.44702
115.05884
-349.44702
96.05884
-294.44702
34.05884
-276.44702
-24.94116
-313.44702
-94.94116
-348.44702
-149.94116
-317.44702
-156.94116
-263.44702
-146.94116
-194.44702
-63.94116
-100.44702
-0.94116
-92.44702
95.05884
-89.44702
187.05884
-52.44702
219.05884
26.55298
202.05884
97.55298
167.05884
192.55298
88.05884
201.55298
33.05884
126.55298
2.05884
65.55298
-48.94116
44.55298
-99.94116
80.55298
-123.94116
186.55298
-63.94116
277.55298
-25.94116
338.55298
55.05884
395.55298
140.05884
433.55298
192.05884
489.55298
215.05884
547.55298
184.05884
607.55298
114.05884
640.55298
76.05884
680.55298
66.05884
793.55298
124.05884
824.55298
226.05884
821.55298
335.05884
950.55298
278.05884
1104.55298
162.05884
1179.55298
53.05884
1153.55298
-46.94116
1064.55298
-80.94116
987.55298
-96.94116
886.55298
-96.94116
815.55298
-83.94116
757.55298
-54.94116
703.55298
-35.94116
654.55298
-39.94116
606.55298
-77.94116
560.55298
-144.94116
521.55298
-188.94116
449.55298
-262.94116
376.55298
-298.94116
294.55298
-313.94116
207.55298
-305.94116
155.55298
-289.94116
116.55298
-239.94116
38.55298
-227.94116
-44.44702
-247.94116
-103.44702
-301.94116
-203.44702
-324.94116
-327.44702
-293.94116
-410.44702
-240.94116
-453.44702
-151.94116
-465.44702
-107.94116
-537.44702
-125.94116
-618.44702
-155.94116
-677.44702
-153.94116
-742.44702
-168.94116
-825.44702
-141.94116
-908.44702
-69.94116
-960.44702
12.05884
-979.44702
