65
40.10767
-471.64618
-27.89233
-450.64618
-104.89233
-437.64618
-135.89233
-388.64618
-111.89233
-336.64618
-37.89233
-295.64618
-17.89233
-228.64618
-66.89233
-187.64618
-184.89233
-161.64618
-265.89233
-133.64618
-279.89233
-73.64618
-233.89233
-22.64618
-157.89233
-13.64618
-109.89233
35.35382
-122.89233
102.35382
-191.89233
170.35382
-275.89233
239.35382
-290.89233
292.35382
-261.89233
407.35382
-212.89233
461.35382
-149.89233
440.35382
-124.89233
354.35382
-116.89233
299.35382
-62.89233
229.35382
-29.89233
155.35382
7.10767
108.35382
70.10767
100.35382
118.10767
163.35382
93.10767
263.35382
77.10767
338.35382
71.10767
419.35382
62.10767
535.35382
14.10767
580.35382
-72.89233
651.35382
-97.89233
718.35382
-63.89233
798.35382
16.10767
831.35382
134.10767
826.35382
192.10767
755.35382
196.10767
656.35382
225.10767
573.35382
236.10767
443.35382
214.10767
301.35382
223.10767
240.35382
192.10767
120.35382
180.10767
13.35382
100.10767
-28.64618
67.10767
-90.64618
95.10767
-145.64618
170.10767
-222.64618
180.10767
-281.64618
171.10767
-331.64618
176.10767
-407.64618
208.10767
-463.64618
249.10767
-534.64618
244.10767
-593.64618
199.10767
-701.64618
85.10767
-764.64618
11.10767
-823.64618
-59.89233
-803.64618
-79.89233
-745.64618
-80.89233
-697.64618
-64.89233
-644.64618
11.10767
-607.64618
65.10767
-552.64618
