55
71.72729
-1030.58179
215.72729
-1040.58179
304.72729
-985.58179
332.72729
-898.58179
218.72729
-830.58179
126.72729
-811.58179
97.72729
-730.58179
171.72729
-644.58179
318.72729
-619.58179
371.72729
-526.58179
296.72729
-458.58179
235.72729
-353.58179
121.72729
-344.58179
18.72729
-323.58179
-51.27271
-274.58179
-97.27271
-219.58179
-107.27271
-145.58179
-80.27271
-67.58179
60.72729
99.41821
154.72729
147.41821
170.72729
228.41821
113.72729
275.41821
17.72729
339.41821
-30.27271
410.41821
-20.27271
509.41821
26.72729
563.41821
74.72729
641.41821
100.72729
721.41821
69.72729
795.41821
62.72729
862.41821
84.72729
959.41821
35.72729
1061.41821
-67.27271
1093.41821
-169.27271
1070.41821
-188.27271
981.41821
-159.27271
901.41821
-142.27271
839.41821
-219.27271
708.41821
-218.27271
554.41821
-195.27271
491.41821
-195.27271
365.41821
-100.27271
284.41821
-108.27271
154.41821
-179.27271
122.41821
-245.27271
59.41821
-258.27271
-35.58179
-279.27271
-111.58179
-292.27271
-294.58179
-203.27271
-370.58179
-53.27271
-449.58179
-12.27271
-527.58179
-40.27271
-620.58179
-141.27271
-690.58179
-105.27271
-829.58179
-2.27271
-927.58179
