63
44.79364
-614.55554
9.79364
-547.55554
23.79364
-438.55554
138.79364
-418.55554
187.79364
-465.55554
226.79364
-516.55554
296.79364
-519.55554
338.79364
-470.55554
350.79364
-362.55554
321.79364
-313.55554
246.79364
-264.55554
93.79364
-282.55554
4.79364
-195.55554
-9.20636
-145.55554
15.79364
-84.55554
79.79364
-53.55554
154.79364
-40.55554
246.79364
11.44446
289.79364
87.44446
279.79364
144.44446
227.79364
201.44446
131.79364
224.44446
85.79364
255.44446
60.79364
302.44446
11.79364
345.44446
-70.20636
375.44446
-92.20636
429.44446
-56.20636
529.44446
-12.20636
558.44446
67.79364
569.44446
147.79364
568.44446
193.79364
583.44446
227.79364
638.44446
231.79364
729.44446
178.79364
778.44446
42.79364
787.44446
-14.20636
746.44446
-78.20636
672.44446
-167.20636
633.44446
-233.20636
590.44446
-281.20636
518.44446
-294.20636
418.44446
-295.20636
344.44446
-271.20636
285.44446
-148.20636
226.44446
-52.20636
168.44446
-62.20636
90.44446
-129.20636
56.44446
-218.20636
5.44446
-228.20636
-93.55554
-224.20636
-184.55554
-196.20636
-274.55554
-182.20636
-343.55554
-222.20636
-406.55554
-259.20636
-465.55554
-295.20636
-544.55554
-277.20636
-618.55554
-251.20636
-678.55554
-187.20636
-698.55554
-119.20636
-717.55554
-37.20636
-723.55554
5.79364
-715.55554
44.79364
-681.55554
