67
-226.58209
-403.23883
-262.58209
-485.23883
-299.58209
-593.23883
-263.58209
-692.23883
-209.58209
-721.23883
-156.58209
-721.23883
-110.58209
-678.23877
-99.58209
-624.23883
-68.58209
-559.23877
23.41791
-546.23877
57.41791
-597.23877
34.41791
-686.23883
35.41791
-765.23883
42.41791
-806.23877
66.41791
-847.23883
120.41791
-874.23883
172.41791
-882.23883
215.41791
-854.23883
238.41791
-762.23883
243.41791
-671.23883
210.41791
-545.23883
160.41791
-456.23883
70.41791
-386.23883
57.41791
-327.23883
75.41791
-262.23883
106.41791
-199.23883
199.41791
-138.23883
292.41791
-106.23877
324.41791
-32.23877
284.41791
11.76117
198.41791
37.76117
87.41791
19.76117
34.41791
27.76117
-48.58209
81.76123
-42.58209
150.76117
14.41791
234.76117
23.41791
307.76123
-10.58209
375.76123
9.41791
444.76117
55.41791
510.76117
146.41791
525.76117
262.41791
602.76117
275.41791
696.76117
242.41791
789.76117
179.41791
890.76117
177.41791
982.76123
147.41791
1063.76123
-5.58209
1081.76123
-101.58209
1057.76123
-106.58209
956.76117
-18.58209
895.76123
45.41791
811.76123
22.41791
737.76123
-48.58209
718.76117
-129.58209
696.76117
-168.58209
615.76117
-194.58209
508.76117
-239.58209
439.76117
-313.58209
394.76117
-314.58209
275.76117
-297.58209
196.76117
-254.58209
90.76117
-188.58209
-28.23883
-171.58209
-108.23883
-123.58209
-154.23883
-105.58209
-233.23883
-187.58209
-324.23883
