74
-155.02048
-1039.63123
-117.95947
-944.71619
-54.95947
-866.71619
115.04053
-893.71619
247.04053
-894.71619
311.67001
-834.57019
293.28522
-761.03113
214.08926
-742.64636
103.78061
-729.91840
60.04053
-691.71619
46.04053
-638.71619
75.04053
-565.71619
203.04053
-521.71619
215.04053
-428.71619
156.04053
-395.71619
50.04053
-419.71619
-40.95947
-416.71619
-78.95947
-382.71619
-113.95947
-330.71619
-101.95947
-242.71619
-41.95947
-186.71619
79.04053
-149.71619
198.04053
-120.71619
280.04053
-11.71619
278.04053
79.28381
246.04053
158.28381
185.80499
190.73463
152.04053
243.28381
162.04053
304.28381
237.04053
366.28381
304.59894
412.76617
334.29742
518.83221
279.14310
555.60175
194.29028
534.38855
109.04053
563.28381
96.04053
646.28381
108.04053
732.28381
179.04053
779.28381
238.13091
827.13074
242.37354
893.59882
182.97658
927.53992
106.60904
890.77039
26.04053
877.28381
-26.95947
982.28381
-70.16766
1108.55920
-191.95947
1116.28381
-238.95947
986.28381
-191.95947
868.28381
-127.95947
795.28381
-93.95947
716.28381
-101.95947
648.28381
-139.95947
604.28381
-183.95947
549.28381
-156.95947
466.28381
-99.95947
390.28381
-68.95947
301.28381
-113.95947
232.28381
-125.32199
158.20772
-85.72401
87.49704
-87.95947
12.28381
-158.95947
-41.71619
-229.95947
-78.71619
-287.95947
-126.71619
-287.95947
-254.71619
-273.95947
-363.71619
-212.95947
-444.71619
-142.95947
-524.71619
-130.95947
-603.71619
-136.95947
-685.71619
-185.95947
-738.71619
-291.95947
-799.71619
-342.95947
-894.71619
-323.95947
-999.71619
-252.95947
-1066.71619
