89
40.14606
-963.60669
47.14606
-874.60669
87.14606
-812.60669
173.14606
-811.60669
258.14606
-837.60669
325.14606
-801.60669
335.14606
-744.60669
298.14606
-702.60669
214.14606
-669.60669
186.14606
-637.60669
169.14606
-590.60669
197.14606
-536.60669
272.14606
-500.60669
322.14606
-439.60669
296.14606
-379.60669
232.14606
-355.60669
166.14606
-376.60669
117.14606
-373.60669
86.14606
-344.60669
63.14606
-283.60669
39.14606
-222.60669
-2.85394
-160.60669
-61.85394
-119.60669
-92.85394
-77.60669
-110.85394
-27.60669
-89.85394
30.39331
-56.85394
79.39331
40.14606
129.39331
114.14606
182.39331
177.14606
186.39331
221.14606
161.39331
282.14606
130.39331
347.14606
154.39331
382.14606
207.39331
372.14606
314.39331
307.14606
433.39331
199.14606
433.39331
131.14606
389.39331
84.14606
375.39331
41.14606
404.39331
16.14606
506.39331
34.14606
589.39331
117.14606
633.39331
177.14606
645.39331
257.14606
713.39331
261.14606
795.39331
227.14606
911.39331
136.14606
945.39331
73.14606
919.39331
35.14606
885.39331
-22.85394
875.39331
-76.85394
928.39331
-81.85394
990.39331
-132.85394
1067.39331
-210.85394
1084.39331
-263.85394
1041.39331
-284.85394
980.39331
-302.85394
899.39331
-266.85394
800.39331
-221.85394
724.39331
-216.85394
644.39331
-226.85394
531.39331
-261.85394
460.39331
-283.85394
406.39331
-259.85394
341.39331
-212.85394
292.39331
-205.85394
241.39331
-244.85394
179.39331
-283.85394
103.39331
-299.85394
26.39331
-293.85394
-61.60669
-293.85394
-131.60669
-262.85394
-189.60669
-212.85394
-254.60669
-155.85394
-326.60669
-125.85394
-390.60669
-133.85394
-446.60669
-179.85394
-490.60669
-199.85394
-545.60669
-182.85394
-594.60669
-130.85394
-632.60669
-108.85394
-685.60669
-138.85394
-751.60669
-179.85394
-796.60669
-214.85394
-854.60669
-211.85394
-911.60669
-196.85394
-979.60669
-99.85394
-1031.60669
-7.85394
-1035.60669
