76
-31.01318
-1034.34216
-140.01318
-1078.34216
-226.01318
-1026.34216
-264.01318
-975.34216
-279.01318
-875.34216
-250.01318
-813.34216
-105.01318
-805.34216
-31.01318
-806.34216
32.98682
-767.34216
65.98682
-662.34216
50.98682
-606.34216
-42.01318
-566.34216
-120.01318
-554.34216
-156.01318
-502.34216
-176.01318
-401.34216
-117.01318
-295.34216
-165.01318
-209.34216
-257.01318
-181.34216
-356.01318
-121.34216
-384.01318
-38.34216
-326.01318
15.65784
-239.01318
23.65784
-141.01318
15.65784
-61.01318
6.65784
29.98682
4.65784
70.98682
29.65784
103.98682
84.65784
105.98682
138.65784
94.98682
260.65784
35.98682
294.65784
-84.01318
291.65784
-141.01318
327.65784
-174.01318
373.65784
-197.01318
456.65784
-211.01318
501.65784
-195.01318
588.65784
-154.01318
616.65784
-99.01318
615.65784
-51.01318
582.65784
14.98682
585.65784
48.98682
638.65784
-20.01318
797.65784
-188.01318
841.65784
-300.01318
869.65784
-350.01318
936.65784
-313.01318
1018.65784
-163.01318
1057.65784
-58.01318
1131.65784
95.98682
1125.65784
171.98682
1078.65784
220.98682
984.65784
202.98682
915.65784
186.98682
854.65784
197.98682
754.65784
237.98682
645.65784
214.98682
550.65784
184.98682
462.65784
198.98682
404.65784
227.98682
298.65784
306.98682
233.65784
301.98682
136.65784
262.98682
11.65784
226.98682
-56.34216
147.98682
-135.34216
142.98682
-256.34216
205.98682
-350.34216
231.98682
-400.34216
285.98682
-492.34216
267.98682
-681.34216
234.98682
-787.34216
278.98682
-873.34216
311.98682
-1006.34216
284.98682
-1066.34216
191.98682
-1091.34216
116.98682
-1077.34216
39.98682
-1015.34216
