66
-85.25757
-921.60608
-154.25757
-870.60608
-202.25757
-785.60608
-169.25757
-708.60608
-52.25757
-677.60608
28.74243
-699.60608
99.74243
-664.60608
97.74243
-599.60608
50.74243
-531.60608
-72.25757
-508.60608
-127.25757
-448.60608
-98.25757
-383.60608
-23.25757
-341.60608
3.74243
-277.60608
-40.25757
-194.60608
-141.25757
-156.60608
-213.25757
-118.60608
-271.25757
-60.60608
-261.25757
59.39392
-187.25757
101.39392
-134.25757
153.39392
-136.25757
221.39392
-152.25757
352.39392
-261.25757
405.39392
-344.25757
456.39392
-325.25757
579.39392
-258.25757
627.39392
-189.25757
640.39392
-147.25757
702.39392
-156.25757
770.39392
-203.25757
832.39392
-268.25757
882.39392
-291.25757
970.39392
-254.25757
1058.39392
-157.25757
1074.39392
-85.25757
1041.39392
-64.25757
997.39392
-36.25757
917.39392
3.74243
856.39392
49.74243
816.39392
115.74243
719.39392
99.74243
605.39392
82.74243
547.39392
45.74243
488.39392
60.74243
417.39392
108.74243
367.39392
129.74243
280.39392
183.74243
186.39392
162.74243
105.39392
133.74243
31.39392
201.74243
-50.60608
258.74243
-104.60608
308.74243
-177.60608
337.74243
-277.60608
298.74243
-342.60608
258.74243
-403.60608
297.74243
-490.60608
339.74243
-544.60608
315.74243
-628.60608
286.74243
-752.60608
340.74243
-864.60608
295.74243
-936.60608
203.74243
-980.60608
128.74243
-959.60608
79.74243
-907.60608
14.74243
-896.60608
