43
104.37207
-417.67444
181.37207
-483.67444
249.37207
-485.67444
290.37207
-380.67444
261.37207
-306.67444
183.37207
-269.67444
123.37207
-187.67444
97.37207
-60.67444
127.37207
10.32556
262.37207
56.32556
324.37207
170.32556
265.37207
255.32556
150.37207
236.32556
53.37207
242.32556
-2.62793
310.32556
-1.62793
397.32556
86.37207
468.32556
161.37207
503.32556
174.37207
628.32556
71.37207
673.32556
-37.62793
637.32556
-92.62793
588.32556
-167.62793
522.32556
-275.62793
472.32556
-297.62793
378.32556
-289.62793
275.32556
-237.62793
198.32556
-154.62793
148.32556
-139.62793
103.32556
-159.62793
37.32556
-177.62793
-48.67444
-155.62793
-90.67444
-105.62793
-132.67444
-78.62793
-209.67444
-108.62793
-287.67444
-169.62793
-337.67444
-206.62793
-442.67444
-191.62793
-560.67444
-118.62793
-612.67444
-53.62793
-592.67444
-25.62793
-515.67444
-16.62793
-443.67444
23.37207
-398.67444
