74
-383.90540
-674.75671
-329.90540
-658.75671
-270.90540
-665.75671
-159.90540
-710.75671
-91.90540
-655.75671
-89.90540
-579.75671
-106.90540
-516.75671
-141.90540
-453.75671
-161.90540
-377.75671
-151.90540
-290.75671
-113.90540
-225.75671
-28.90540
-176.75671
20.09460
-168.75671
81.09460
-133.75671
99.09460
-62.75671
72.09460
7.24329
-18.90540
64.24329
-25.90540
155.24329
-45.90540
226.24329
-39.90540
294.24329
7.09460
363.24329
61.09460
422.24329
109.09460
484.24329
96.09460
581.24329
-67.90540
597.24329
-158.90540
533.24329
-254.90540
569.24329
-308.90540
647.24329
-320.90540
769.24329
-272.90540
875.24329
-126.90540
940.24329
-33.90540
976.24329
-5.90540
1072.24329
106.09460
1126.24329
169.09460
1065.24329
153.09460
977.24329
118.09460
919.24329
56.09460
875.24329
-3.90540
831.24329
-29.90540
786.24329
-9.90540
744.24329
66.09460
725.24329
193.09460
721.24329
268.09460
702.24329
281.09460
631.24329
279.09460
528.24329
264.09460
425.24329
211.09460
339.24329
222.09460
272.24329
251.09460
237.24329
297.09460
158.24329
295.09460
44.24329
274.09460
-34.75671
270.09460
-120.75671
300.09460
-171.75671
301.09460
-268.75671
198.09460
-319.75671
124.09460
-390.75671
125.09460
-505.75671
168.09460
-610.75671
199.09460
-719.75671
158.09460
-798.75671
143.09460
-879.75671
106.09460
-936.75671
34.09460
-945.75671
-60.90540
-820.75671
-171.90540
-823.75671
-183.90540
-1025.75671
-260.90540
-1037.75671
-308.90540
-976.75671
-365.90540
-884.75671
-418.90540
-847.75671
-438.90540
-776.75671
-423.90540
-709.75671
