75
-217.53333
-690.56006
-288.53333
-638.56006
-340.53333
-572.56006
-336.53333
-510.56006
-311.53333
-449.56006
-248.53333
-436.56006
-173.53333
-445.56006
-141.53333
-431.56006
-123.53333
-401.56006
-114.53333
-360.56006
-114.53333
-320.56006
-112.53333
-271.56006
-85.53333
-226.56006
-16.53333
-197.56006
49.46667
-130.56006
49.46667
-23.56006
15.46667
46.43994
-34.53333
85.43994
-52.53333
146.43994
-19.53333
204.43994
48.46667
227.43994
86.46667
248.43994
105.46667
300.43994
69.46667
366.43994
41.46667
461.43994
82.46667
533.43994
80.46667
597.43994
-13.53333
630.43994
-109.53333
607.43994
-131.53333
552.43994
-132.53333
421.43994
-172.53333
382.43994
-221.53333
381.43994
-271.53333
401.43994
-290.53333
432.43994
-298.53333
500.43994
-259.53333
609.43994
-240.53333
659.43994
-230.53333
718.43994
-188.53333
786.43994
-121.53333
819.43994
-8.53333
826.43994
63.46667
798.43994
100.46667
756.43994
140.46667
712.43994
193.46667
684.43994
221.46667
620.43994
255.46667
573.43994
284.46667
525.43994
251.46667
430.43994
214.46667
354.43994
258.46667
270.43994
284.46667
178.43994
249.46667
96.43994
293.46667
-6.56006
300.46667
-74.56006
306.46667
-140.56006
262.46667
-203.56006
211.46667
-259.56006
212.46667
-319.56006
185.46667
-409.56006
140.46667
-455.56006
136.46667
-532.56006
162.46667
-572.56006
175.46667
-638.56006
150.46667
-684.56006
100.46667
-718.56006
74.46667
-776.56006
61.46667
-823.56006
28.46667
-854.56006
-39.53333
-857.56006
-118.53333
-878.56006
-178.53333
-879.56006
-215.53333
-833.56006
-216.53333
-769.56006
