67
-162.19403
-530.98505
-232.19403
-491.98505
-250.19403
-422.98505
-202.19403
-373.98505
-136.19403
-354.98505
-69.19403
-387.98505
57.80597
-470.98505
139.80597
-404.98505
123.80597
-282.98505
42.80597
-268.98505
-19.19403
-314.98505
-83.19403
-326.98505
-125.19403
-286.98505
-133.19403
-237.98505
-131.19403
-184.98505
-100.19403
-140.98505
-58.19403
-92.98505
-25.19403
-78.98505
43.80597
-59.98505
114.80597
-59.98505
161.80597
-9.98505
139.80597
52.01495
24.80597
79.01495
-115.19403
83.01495
-190.19403
30.01495
-248.19403
5.01495
-322.19403
45.01495
-364.19403
145.01495
-362.19403
240.01495
-344.19403
282.01495
-286.19403
296.01495
-188.19403
257.01495
-89.19403
331.01495
-105.19403
404.01495
-172.19403
469.01495
-240.19403
536.01495
-211.19403
626.01495
-97.19403
629.01495
-36.19403
563.01495
-19.19403
480.01495
41.80597
431.01495
108.80597
458.01495
170.80597
569.01495
251.80597
578.01495
285.80597
538.01495
271.80597
466.01495
214.80597
403.01495
119.80597
356.01495
52.80597
312.01495
39.80597
269.01495
47.80597
221.01495
80.80597
189.01495
188.80597
138.01495
234.80597
100.01495
252.80597
24.01495
251.80597
-52.98505
234.80597
-131.98505
267.80597
-230.98505
284.80597
-302.98505
266.80597
-427.98505
262.80597
-488.98505
225.80597
-528.98505
205.80597
-575.98505
171.80597
-619.98505
42.80597
-627.98505
-42.19403
-619.98505
-108.19403
-580.98505
