80
-190.91248
-661.31250
-292.91248
-614.31250
-327.91248
-540.31250
-327.91248
-457.31250
-250.91248
-422.31250
-184.91248
-446.31250
-150.91248
-509.31250
-127.91248
-564.31250
-96.91248
-635.31250
-62.91248
-674.31250
-25.91248
-673.31250
4.08752
-639.31250
-6.91248
-566.31250
-37.91248
-497.31250
-79.91248
-414.31250
-90.91248
-356.31250
-72.91248
-303.31250
-35.91248
-260.31250
36.08752
-219.31250
66.08752
-144.31250
15.08752
-66.31250
-48.91248
-59.31250
-117.91248
-67.31250
-164.91248
-122.31250
-222.91248
-136.31250
-260.91248
-97.31250
-245.91248
-24.31250
-164.91248
65.68750
-104.91248
92.68750
-12.91248
81.68750
36.08752
63.68750
106.08752
81.68750
135.08752
145.68750
28.08752
297.68750
-97.91248
314.68750
-173.91248
217.68750
-244.91248
146.68750
-311.91248
159.68750
-320.91248
221.68750
-295.91248
348.68750
-237.91248
403.68750
-113.91248
441.68750
-3.91248
454.68750
63.08752
538.68750
75.08752
621.68750
20.08752
738.68750
-66.91248
745.68750
-126.91248
780.68750
-132.91248
856.68750
-69.91248
940.68750
89.08752
980.68750
225.08752
955.68750
273.08752
881.68750
250.08752
805.68750
203.08752
668.68750
198.08752
598.68750
212.08752
541.68750
199.08752
461.68750
135.08752
400.68750
123.08752
336.68750
166.08752
284.68750
223.08752
238.68750
234.08752
173.68750
241.08752
92.68750
220.08752
27.68750
194.08752
-29.31250
216.08752
-98.31250
300.08752
-139.31250
339.08752
-198.31250
325.08752
-258.31250
216.08752
-279.31250
143.08752
-305.31250
127.08752
-353.31250
144.08752
-421.31250
135.08752
-496.31250
186.08752
-594.31250
158.08752
-661.31250
112.08752
-736.31250
-11.91248
-757.31250
-113.91248
-752.31250
