69
-177.68115
-687.56525
-222.68115
-647.56525
-194.68115
-517.56525
-113.68115
-459.56525
-1.68115
-514.56525
29.31885
-555.56525
99.31885
-597.56525
168.31885
-565.56525
141.31885
-427.56525
61.31885
-341.56525
-43.68115
-299.56525
-110.68115
-268.56525
-122.68115
-176.56525
-46.68115
-97.56525
33.31885
-104.56525
95.31885
-84.56525
116.31885
-24.56525
65.31885
39.43475
-69.68115
41.43475
-153.68115
-7.56525
-221.68115
0.43475
-251.68115
58.43475
-245.68115
160.43475
-279.68115
221.43475
-374.68115
273.43475
-408.68115
317.43475
-377.68115
392.43475
-310.68115
402.43475
-229.68115
340.43475
-156.68115
260.43475
-88.68115
264.43475
-40.68115
338.43475
-50.68115
409.43475
-41.68115
491.43475
-39.68115
570.43475
-48.68115
635.43475
-94.68115
723.43475
-107.68115
829.43475
-30.68115
884.43475
68.31885
885.43475
140.31885
817.43475
145.31885
703.43475
135.31885
611.43475
97.31885
498.43475
90.31885
398.43475
121.31885
336.43475
129.31885
265.43475
70.31885
208.43475
-41.68115
219.43475
-91.68115
171.43475
-66.68115
119.43475
42.31885
99.43475
103.31885
89.43475
200.31885
99.43475
262.31885
38.43475
266.31885
-42.56525
234.31885
-125.56525
223.31885
-197.56525
263.31885
-250.56525
290.31885
-300.56525
306.31885
-407.56525
279.31885
-494.56525
275.31885
-631.56525
218.31885
-684.56525
189.31885
-752.56525
138.31885
-778.56525
42.31885
-743.56525
-17.68115
-681.56525
-99.68115
-685.56525
