77
81.93506
-648.40259
41.93506
-586.40259
60.93506
-525.40259
110.93506
-501.40259
166.93506
-524.40259
221.93506
-551.40259
272.93506
-535.40259
299.93506
-467.40259
268.93506
-379.40259
194.93506
-339.40259
92.93506
-370.40259
45.93506
-365.40259
24.93506
-337.40259
23.93506
-279.40259
50.93506
-245.40259
91.93506
-194.40259
87.93506
-140.40259
34.93506
-105.40259
-46.06494
-100.40259
-91.06494
-52.40259
-69.06494
15.59741
80.93506
45.59741
166.93506
65.59741
220.93506
128.59741
230.93506
202.59741
187.93506
299.59741
249.93506
405.59741
299.93506
484.59741
299.93506
602.59741
263.93506
662.59741
181.93506
668.59741
117.93506
657.59741
40.93506
584.59741
-21.06494
574.59741
-70.06494
606.59741
-105.06494
757.59741
-81.06494
818.59741
-27.06494
942.59741
-52.06494
1030.59741
-114.06494
1061.59741
-214.06494
1051.59741
-255.06494
917.59741
-261.06494
866.59741
-254.06494
713.59741
-242.06494
610.59741
-207.06494
534.59741
-121.06494
484.59741
-27.06494
449.59741
6.93506
419.59741
21.93506
351.59741
42.93506
249.59741
-8.06494
203.59741
-84.06494
195.59741
-149.06494
142.59741
-186.06494
79.59741
-228.06494
-7.40259
-238.06494
-82.40259
-225.06494
-132.40259
-180.06494
-180.40259
-172.06494
-242.40259
-195.06494
-281.40259
-234.06494
-325.40259
-238.06494
-376.40259
-185.06494
-422.40259
-89.06494
-411.40259
-41.06494
-448.40259
-48.06494
-504.40259
-100.06494
-548.40259
-124.06494
-583.40259
-161.06494
-673.40259
-160.06494
-742.40259
-72.06494
-797.40259
18.93506
-833.40259
142.93506
-814.40259
249.93506
-780.40259
260.93506
-715.40259
183.93506
-668.40259
