89
3.73035
-831.92133
16.73035
-763.92133
100.73035
-715.92133
150.73035
-745.92133
159.73035
-818.92133
149.73035
-883.92133
178.73035
-930.92133
227.73035
-947.92133
274.73035
-916.92133
313.73035
-817.92133
273.73035
-737.92133
211.73035
-663.92133
121.73035
-624.92133
68.73035
-574.92133
49.73035
-495.92133
82.73035
-421.92133
150.73035
-399.92133
210.73035
-344.92133
235.73035
-256.92133
241.73035
-178.92133
169.73035
-92.92133
107.73035
-91.92133
45.73035
-81.92133
-16.26965
-53.92133
-67.26965
-16.92133
-131.26965
62.07867
-106.26965
134.07867
-55.26965
184.07867
2.73035
244.07867
77.73035
240.07867
163.73035
258.07867
182.73035
330.07867
171.73035
395.07867
105.73035
420.07867
30.73035
394.07867
-26.26965
412.07867
-42.26965
453.07867
-26.26965
530.07867
46.73035
582.07867
163.73035
588.07867
232.73035
562.07867
296.73035
545.07867
349.73035
587.07867
350.73035
663.07867
312.73035
735.07867
211.73035
774.07867
164.73035
835.07867
190.73035
905.07867
226.73035
976.07867
231.73035
1049.07861
134.73035
1110.07861
62.73035
1080.07861
11.73035
991.07867
34.73035
912.07867
34.73035
852.07867
6.73035
776.07867
-11.26965
737.07867
-49.26965
703.07867
-89.26965
679.07867
-120.26965
652.07867
-161.26965
584.07867
-230.26965
544.07867
-286.26965
498.07867
-285.26965
428.07867
-226.26965
338.07867
-236.26965
277.07867
-296.26965
211.07867
-354.26965
138.07867
-361.26965
62.07867
-333.26965
-17.92133
-285.26965
-49.92133
-166.26965
-112.92133
-146.26965
-191.92133
-160.26965
-271.92133
-168.26965
-330.92133
-157.26965
-414.92133
-193.26965
-466.92133
-247.26965
-516.92133
-259.26965
-584.92133
-224.26965
-628.92133
-194.26965
-676.92133
-206.26965
-725.92133
-254.26965
-790.92133
-252.26965
-857.92133
-233.26965
-895.92133
-190.26965
-920.92133
-136.26965
-931.92133
-87.26965
-931.92133
-32.26965
-900.92133
