90
-76.87781
-814.71112
-133.87781
-756.71112
-149.87781
-680.71112
-139.87781
-634.71112
-89.87781
-610.71112
-42.87781
-630.71112
-3.87781
-674.71112
23.12219
-710.71112
65.12219
-724.71112
116.12219
-699.71112
128.12219
-656.71112
96.12219
-600.71112
43.12219
-554.71112
-46.87781
-516.71112
-104.87781
-474.71112
-110.87781
-401.71112
-91.87781
-365.71112
-38.87781
-346.71112
33.12219
-358.71112
95.12219
-322.71112
94.12219
-251.71112
6.12219
-190.71112
-46.87781
-193.71112
-109.87781
-233.71112
-187.87781
-233.71112
-258.87781
-233.71112
-304.87781
-187.71112
-323.87781
-127.71112
-325.87781
-62.71112
-290.87781
10.28888
-238.87781
42.28888
-187.87781
55.28888
-106.87781
72.28888
-45.87781
110.28888
22.12219
110.28888
100.12219
112.28888
142.12219
168.28888
132.12219
260.28888
65.12219
312.28888
-30.87781
288.28888
-98.87781
251.28888
-149.87781
265.28888
-173.87781
314.28888
-188.87781
392.28888
-160.87781
470.28888
-40.87781
539.28888
-49.87781
611.28888
-129.87781
661.28888
-227.87781
651.28888
-314.87781
636.28888
-365.87781
689.28888
-381.87781
753.28888
-369.87781
828.28888
-313.87781
878.28888
-255.87781
905.28888
-195.87781
879.28888
-149.87781
855.28888
-102.87781
861.28888
-46.87781
893.28888
54.12219
893.28888
89.12219
836.28888
116.12219
772.28888
126.12219
694.28888
107.12219
613.28888
139.12219
556.28888
178.12219
530.28888
246.12219
499.28888
267.12219
443.28888
243.12219
339.28888
263.12219
281.28888
297.12219
239.28888
303.12219
150.28888
275.12219
79.28888
200.12219
32.28888
126.12219
3.28888
86.12219
-56.71112
125.12219
-120.71112
202.12219
-147.71112
273.12219
-245.71112
285.12219
-306.71112
250.12219
-370.71112
219.12219
-454.71112
254.12219
-530.71112
292.12219
-598.71112
300.12219
-680.71112
311.12219
-737.71112
272.12219
-804.71112
172.12219
-850.71112
98.12219
-877.71112
-19.87781
-885.71112
