92
-227.32611
-772.41302
-294.32611
-800.41302
-369.32611
-772.41302
-399.32611
-703.41302
-385.32611
-582.41302
-271.32611
-551.41302
-169.32611
-578.41302
-111.32611
-616.41309
-57.32611
-615.41309
-28.32611
-573.41302
-13.32611
-474.41302
-36.32611
-418.41302
-125.32611
-383.41309
-196.32611
-409.41302
-251.32611
-455.41309
-320.32611
-457.41302
-353.32611
-403.41302
-326.32611
-315.41302
-272.32611
-232.41302
-171.32611
-210.41302
-16.32611
-239.41302
63.67389
-328.41302
81.67389
-462.41302
80.67389
-538.41309
96.67389
-603.41309
137.67389
-623.41309
187.67389
-593.41309
181.67389
-486.41302
162.67389
-319.41302
129.67389
-223.41302
106.67389
-169.41302
89.67389
-87.41302
-46.32611
1.58698
-191.32611
1.58698
-237.32611
84.58698
-156.32611
166.58698
-69.32611
191.58698
-14.32611
183.58698
52.67389
183.58691
99.67389
234.58691
48.67389
332.58698
-12.32611
363.58698
-79.32611
340.58698
-143.32611
271.58691
-251.32611
259.58691
-310.32611
293.58698
-339.32611
368.58698
-346.32611
457.58698
-311.32611
516.58698
-196.32611
571.58698
-113.32611
551.58698
-56.32611
522.58698
7.67389
487.58698
78.67389
480.58698
124.67389
528.58691
74.67389
647.58698
37.67389
703.58698
-43.32611
722.58698
-98.32611
732.58698
-162.32611
766.58698
-173.32611
844.58698
-141.32611
948.58698
-61.32611
999.58698
13.67389
1024.58691
137.67389
1006.58698
172.67389
942.58691
182.67389
842.58698
217.67389
772.58698
269.67389
685.58698
299.67389
598.58698
262.67389
500.58698
232.67389
432.58698
194.67389
374.58691
197.67389
304.58698
242.67389
224.58691
308.67389
175.58698
311.67389
86.58691
242.67389
38.58698
198.67389
-1.41309
190.67389
-51.41302
218.67389
-97.41302
277.67389
-188.41302
328.67389
-286.41302
307.67389
-404.41302
266.67389
-514.41302
257.67389
-570.41302
260.67389
-669.41302
253.67389
-728.41302
275.67389
-799.41302
201.67389
-850.41302
64.67389
-834.41302
-78.32611
-770.41302
