40
-27.67499
-350.34998
-96.67499
-385.34998
-215.67499
-240.34998
-299.67499
-256.34998
-327.67499
-319.34998
-327.67499
-437.34998
-245.67499
-504.34998
-77.67499
-524.34998
11.32501
-521.34998
190.32501
-510.34998
249.32501
-457.34998
373.32501
-286.34998
450.32501
-69.34998
395.32501
105.65002
268.32501
81.65002
244.32501
15.65002
248.32501
-35.34998
205.32501
-101.34998
148.32501
-104.34998
107.32501
-70.34998
101.32501
11.65002
150.32501
72.65002
181.32501
163.65002
235.32501
424.65002
244.32501
579.65002
100.32501
762.65002
-140.67499
724.65002
-160.67499
622.65002
-157.67499
534.65002
-231.67499
464.65002
-237.67499
375.65002
-125.67499
311.65002
-79.67499
233.65002
-141.67499
153.65002
-216.67499
102.65002
-228.67499
8.65002
-140.67499
-44.34998
-64.67499
-75.34998
-48.67499
-159.34998
-29.67499
-252.34998
