34
-190.85297
-569.08826
-76.85297
-653.08826
152.14703
-684.08826
267.14703
-536.08826
438.14703
-321.08826
431.14703
-131.08826
315.14703
-124.08826
279.14703
-220.08826
269.14703
-384.08826
148.14703
-406.08826
101.14703
-204.08826
121.14703
64.91174
369.14703
290.91174
262.14703
383.91174
138.14703
269.91174
-28.85297
187.91174
-96.85297
334.91174
195.14703
520.91174
245.14703
648.91174
114.14703
790.91174
-67.85297
704.91174
-207.85297
681.91174
-254.85297
539.91174
-275.85297
386.91174
-258.85297
279.91174
-264.85297
72.91174
-181.85297
24.91174
-140.85297
-83.08826
-170.85297
-138.08826
-236.85297
-196.08826
-257.85297
-266.08826
-248.85297
-323.08826
-206.85297
-394.08826
-212.85297
-483.08826
