64
-12.70313
-944.51563
16.29688
-1010.51563
61.29688
-1036.51563
149.29688
-1044.51563
217.29688
-1020.51563
261.29688
-951.51563
281.29688
-881.51563
268.29688
-829.51563
229.29688
-796.51563
152.29688
-763.51563
79.29688
-703.51563
87.29688
-634.51563
110.29688
-560.51563
166.29688
-540.51563
241.29688
-509.51563
263.29688
-457.51563
218.29688
-386.51563
142.29688
-360.51563
95.29688
-293.51563
69.29688
-236.51563
89.29688
-133.51563
152.29688
-18.51563
239.29688
47.48438
276.29688
151.48438
241.29688
237.48438
159.29688
281.48438
64.29688
310.48438
33.29688
410.48438
-22.70313
452.48438
-83.70313
496.48438
-87.70313
568.48438
-58.70313
635.48438
-2.70313
764.48438
83.29688
834.48438
116.29688
927.48438
92.29688
1036.48438
81.29688
1137.48438
-52.70313
1209.48438
-192.70313
1185.48438
-219.70313
1111.48438
-193.70313
1019.48438
-148.70313
961.48438
-165.70313
884.48438
-179.70313
799.48438
-211.70313
742.48438
-276.70313
707.48438
-319.70313
614.48438
-293.70313
502.48438
-262.70313
432.48438
-206.70313
355.48438
-159.70313
250.48438
-45.70313
175.48438
-39.70313
85.48438
-114.70313
23.48438
-169.70313
-81.51563
-169.70313
-180.51563
-159.70313
-309.51563
-88.70313
-416.51563
-73.70313
-513.51563
-139.70313
-610.51563
-184.70313
-670.51563
-196.70313
-756.51563
-166.70313
-824.51563
-88.70313
-872.51563
