66
-138.24243
-476.69696
-109.24243
-600.69696
-76.24243
-679.69696
-80.24243
-778.69696
-52.24243
-835.69696
-2.24243
-905.69702
78.75757
-903.69696
253.75757
-816.69696
342.75757
-751.69696
380.75757
-650.69696
336.75757
-537.69696
274.75757
-528.69696
170.75757
-586.69702
81.75757
-533.69702
99.75757
-460.69696
305.75757
-390.69702
322.75757
-285.69702
243.75757
-239.69702
172.75757
-282.69702
103.75757
-318.69702
27.75757
-302.69696
8.75757
-203.69696
75.75757
-88.69702
168.75757
-48.69702
250.75757
-7.69702
260.75757
66.30298
241.75757
120.30298
188.75757
143.30298
142.75757
118.30298
106.75757
71.30298
23.75757
38.30298
-33.24243
84.30298
-16.24243
140.30298
63.75757
184.30304
125.75757
255.30304
167.75757
285.30304
201.75757
340.30304
194.75757
388.30304
182.75757
458.30304
125.75757
494.30304
58.75757
459.30304
1.75757
401.30304
-126.24243
425.30304
-131.24243
569.30304
110.75757
647.30304
91.75757
757.30304
18.75757
793.30304
-73.24243
773.30304
-157.24243
804.30304
-241.24243
902.30304
-413.24243
826.30304
-397.24243
694.30304
-342.24243
616.30304
-293.24243
433.30304
-315.24243
332.30304
-315.24243
256.30304
-301.24243
197.30304
-289.24243
131.30304
-279.24243
69.30304
-246.24243
6.30304
-260.24243
-66.69696
-255.24243
-115.69696
-279.24243
-235.69696
-293.24243
-325.69696
-229.24243
-412.69696
-181.24243
-439.69696
