82
-143.00000
-841.35364
-184.00000
-902.35364
-169.00000
-968.35364
-46.00000
-1018.35364
42.00000
-969.35364
71.00000
-910.35364
30.00000
-829.35364
20.00000
-780.35364
56.00000
-731.35364
139.00000
-725.35364
199.00000
-734.35364
244.00000
-707.35364
239.00000
-629.35364
186.00000
-599.35364
90.00000
-590.35364
9.00000
-610.35364
-48.00000
-576.35364
-77.00000
-533.35364
-100.00000
-484.35364
-94.00000
-436.35364
-77.00000
-378.35364
-29.00000
-352.35364
55.00000
-348.35364
99.00000
-302.35364
91.00000
-248.35364
44.00000
-228.35364
-50.00000
-213.35364
-80.00000
-152.35364
-31.00000
-90.35364
105.00000
-68.35364
176.00000
-33.35364
202.00000
4.64636
217.00000
77.64636
219.00000
121.64636
231.00000
252.64636
300.00000
315.64636
319.00000
416.64636
263.00000
469.64636
182.00000
499.64636
171.00000
647.64636
232.00000
725.64636
308.00000
789.64636
304.00000
860.64636
238.00000
891.64636
168.00000
853.64636
104.00000
827.64636
42.00000
860.64636
9.00000
962.64636
-49.00000
988.64636
-91.00000
962.64636
-101.00000
909.64636
-73.00000
863.64636
-52.00000
820.64636
-57.00000
771.64636
-87.00000
734.64636
-105.00000
698.64636
-105.00000
670.64636
-83.00000
640.64636
-36.00000
617.64636
7.00000
573.64636
24.00000
535.64636
15.00000
455.64636
-17.00000
401.64636
-47.00000
363.64636
-110.00000
305.64636
-102.00000
232.64636
-87.00000
191.64636
-61.00000
140.64636
-78.00000
81.64636
-89.00000
12.64636
-135.00000
-27.35364
-216.00000
-43.35364
-295.00000
-125.35364
-273.00000
-193.35364
-234.00000
-245.35364
-230.00000
-312.35364
-266.00000
-392.35364
-289.00000
-495.35364
-248.00000
-569.35364
-191.00000
-614.35364
-151.00000
-714.35364
-120.00000
-768.35364
