102
-42.98041
-1062.22546
-128.98041
-1068.22546
-211.98041
-1058.22546
-237.98041
-1005.22546
-200.98041
-953.22546
-116.98041
-940.22546
-63.98041
-893.22546
-56.98041
-832.22546
-103.98041
-793.22546
-153.98041
-792.22546
-226.98041
-785.22546
-269.98041
-737.22546
-267.98041
-668.22546
-204.98041
-632.22546
-139.98041
-646.22546
-86.98041
-638.22546
-47.98041
-587.22546
-58.98041
-528.22546
-104.98041
-482.22546
-115.98041
-407.22546
-125.98041
-347.22546
-174.98041
-296.22546
-247.98041
-287.22546
-298.98041
-243.22546
-279.98041
-153.22546
-187.98041
-115.22546
-84.98041
-128.22546
-36.98041
-88.22546
-34.98041
-19.22546
-22.98041
57.77454
40.01959
93.77454
98.01959
160.77454
80.01959
231.77454
4.01959
287.77454
-103.98041
281.77454
-166.98041
258.77454
-217.98041
183.77454
-292.98041
161.77454
-328.98041
185.77454
-350.98041
238.77454
-359.98041
334.77454
-306.98041
426.77454
-230.98041
466.77454
-124.98041
459.77454
-64.98041
439.77454
-10.98041
420.77454
46.01959
449.77454
53.01959
518.77454
-7.98041
581.77454
-51.98041
652.77454
-101.98041
669.77454
-147.98041
692.77454
-176.98041
773.77454
-179.98041
820.77454
-168.98041
897.77454
-117.98041
938.77454
-49.98041
952.77454
-2.98041
1002.77454
94.01959
1061.77454
192.01959
1113.77454
250.01959
1096.77454
291.01959
1051.77454
280.01959
996.77454
230.01959
946.77454
161.01959
905.77454
128.01959
868.77454
111.01959
830.77454
112.01959
793.77454
115.01959
736.77454
147.01959
697.77454
190.01959
650.77454
234.01959
606.77454
235.01959
538.77454
197.01959
438.77454
191.01959
392.77454
183.01959
352.77454
181.01959
316.77454
203.01959
281.77454
255.01959
249.77454
281.01959
194.77454
278.01959
108.77454
256.01959
52.77454
211.01959
9.77454
190.01959
-50.22546
150.01959
-125.22546
118.01959
-158.22546
77.01959
-238.22546
77.01959
-290.22546
103.01959
-344.22546
157.01959
-379.22546
187.01959
-441.22546
165.01959
-509.22546
172.01959
-573.22546
108.01959
-670.22546
76.01959
-735.22546
121.01959
-814.22546
204.01959
-899.22546
207.01959
-974.22546
217.01959
-1066.22546
144.01959
-1149.22546
95.01959
-1177.22546
19.01959
-1143.22546
