96
-34.46875
-1044.57288
-120.46875
-1089.57288
-183.46875
-1047.57288
-184.46875
-975.57288
-118.46875
-926.57288
-49.46875
-850.57288
-67.46875
-797.57288
-130.46875
-782.57288
-207.46875
-799.57288
-275.46875
-788.57288
-307.46875
-736.57288
-290.46875
-668.57288
-227.46875
-650.57288
-130.46875
-673.57288
-75.46875
-662.57288
-16.46875
-680.57288
26.53125
-705.57288
82.53125
-700.57288
122.53125
-635.57288
88.53125
-561.57288
29.53125
-499.57288
-31.46875
-439.57288
-34.46875
-381.57288
-6.46875
-340.57288
41.53125
-310.57288
63.53125
-266.57288
76.53125
-214.57288
49.53125
-167.57288
0.53125
-129.57288
-22.46875
-94.57288
-15.46875
-57.57288
17.53125
12.42712
51.53125
60.42712
53.53125
121.42712
25.53125
212.42712
-42.46875
256.42712
-133.46875
255.42712
-235.46875
276.42712
-295.46875
316.42712
-324.46875
360.42712
-335.46875
411.42712
-326.46875
485.42712
-239.46875
542.42712
-182.46875
599.42712
-95.46875
593.42712
-40.46875
579.42712
8.53125
601.42712
15.53125
680.42712
-8.46875
743.42712
-50.46875
811.42712
-158.46875
824.42712
-257.46875
823.42712
-306.46875
863.42712
-308.46875
938.42712
-238.46875
989.42712
-138.46875
1003.42712
-82.46875
1086.42712
-2.46875
1114.42712
52.53125
1108.42712
90.53125
1086.42712
99.53125
1023.42712
59.53125
942.42712
74.53125
888.42712
118.53125
848.42712
171.53125
794.42712
186.53125
709.42712
150.53125
649.42712
150.53125
581.42712
128.53125
528.42712
33.53125
497.42712
-36.46875
478.42712
-59.46875
433.42712
-35.46875
390.42712
20.53125
356.42712
127.53125
324.42712
177.53125
280.42712
220.53125
244.42712
248.53125
196.42712
226.53125
116.42712
186.53125
50.42712
201.53125
-8.57288
230.53125
-99.57288
216.53125
-196.57288
218.53125
-263.57288
252.53125
-355.57288
240.53125
-434.57288
208.53125
-490.57288
217.53125
-542.57288
241.53125
-649.57288
217.53125
-765.57288
177.53125
-822.57288
168.53125
-888.57288
209.53125
-952.57288
203.53125
-1023.57288
134.53125
-1052.57288
40.53125
-1009.57288
