55
-288.36365
-499.54547
-291.36365
-441.54547
-273.36365
-401.54547
-235.36365
-358.54547
-151.36365
-364.54547
-69.36365
-369.54547
-19.36365
-319.54547
-22.36365
-241.54547
-80.36365
-205.54547
-211.36365
-238.54547
-280.36365
-203.54547
-296.36365
-147.54547
-260.36365
-83.54547
-180.36365
-40.54547
-117.36365
9.45453
-104.36365
87.45453
-70.36365
144.45453
-12.36365
171.45453
34.63635
220.45453
37.63635
288.45453
0.63635
326.45453
-99.36365
340.45453
-153.36365
401.45453
-165.36365
465.45453
-141.36365
529.45453
-91.36365
557.45453
-24.36365
581.45453
10.63635
715.45453
101.63635
831.45453
260.63635
827.45453
276.63635
703.45453
202.63635
612.45453
189.63635
531.45453
251.63635
463.45453
265.63635
388.45453
219.63635
323.45453
196.63635
255.45453
197.63635
156.45453
211.63635
33.45453
133.63635
-12.54547
76.63635
-65.54547
71.63635
-119.54547
102.63635
-178.54547
218.63635
-257.54547
257.63635
-325.54547
211.63635
-381.54547
125.63635
-384.54547
43.63635
-414.54547
-20.36365
-473.54547
-18.36365
-526.54547
-4.36365
-577.54547
-18.36365
-625.54547
-68.36365
-646.54547
-145.36365
-625.54547
-227.36365
-559.54547
