25
-202.96002
-445.88000
-326.96002
-389.88000
-313.96002
-260.88000
-170.96002
-83.88000
-187.96002
42.12000
-323.96002
226.12000
-230.96002
335.12000
-204.96002
533.12000
-230.96002
633.12000
-251.96002
765.12000
151.03998
797.12000
276.03998
572.12000
165.03998
461.12000
65.03998
321.12000
241.03998
162.12000
294.03998
35.12000
190.03998
-92.88000
-72.96002
-290.88000
32.03998
-408.88000
276.03998
-359.88000
309.03998
-507.88000
168.03998
-585.88000
11.03998
-607.88000
-91.96002
-591.88000
-132.96002
-505.88000
