39
-157.02563
-297.89746
-210.02563
-351.89746
-302.02563
-416.89746
-272.02563
-529.89746
-187.02563
-598.89746
-18.02563
-632.89746
90.97437
-619.89746
168.97437
-594.89746
233.97437
-505.89746
224.97437
-444.89746
152.97437
-381.89746
134.97437
-285.89746
201.97437
-199.89746
274.97437
-43.89746
302.97437
96.10254
317.97437
162.10254
325.97437
305.10254
325.97437
407.10254
258.97437
482.10254
145.97437
511.10254
106.97437
456.10254
107.97437
378.10254
122.97437
284.10254
93.97437
63.10254
72.97437
-89.89746
-11.02563
-107.89746
-62.02563
-11.89746
-64.02563
114.10254
-92.02563
270.10254
-98.02563
415.10254
-120.02563
552.10254
-210.02563
580.10254
-271.02563
527.10254
-291.02563
431.10254
-295.02563
312.10254
-288.02563
158.10254
-292.02563
20.10254
-244.02563
-136.89746
-152.02563
-224.89746
