36
-204.25000
-349.94446
-220.25000
-400.94446
-281.25000
-459.94446
-300.25000
-525.94446
-242.25000
-612.94446
-105.25000
-643.94446
-3.25000
-647.94446
108.75000
-609.94446
155.75000
-564.94446
170.75000
-454.94446
237.75000
-377.94446
297.75000
-272.94446
336.75000
-69.94446
348.75000
77.05554
382.75000
269.05554
319.75000
366.05554
257.75000
418.05554
207.75000
391.05554
198.75000
257.05554
170.75000
166.05554
92.75000
141.05554
19.75000
213.05554
39.75000
397.05554
43.75000
516.05554
27.75000
599.05554
-65.25000
619.05554
-147.25000
597.05554
-179.25000
487.05554
-218.25000
411.05554
-286.25000
319.05554
-305.25000
178.05554
-326.25000
4.05554
-208.25000
-33.94446
-147.25000
-98.94446
-176.25000
-168.94446
-228.25000
-219.94446
