52
-0.21155
-538.19232
-106.21155
-586.19232
-106.21155
-735.19232
67.78845
-760.19232
168.78845
-726.19232
276.78845
-564.19232
228.78845
-458.19232
248.78845
-366.19232
313.78845
-234.19232
252.78845
-90.19232
160.78845
-6.19232
74.78845
-46.19232
67.78845
-136.19232
49.78845
-204.19232
26.78845
-273.19232
14.78845
-316.19232
-16.21155
-365.19232
-106.21155
-369.19232
-152.21155
-311.19232
-116.21155
-221.19232
-46.21155
-37.19232
14.78845
70.80768
105.78845
138.80768
69.78845
345.80768
141.78845
399.80768
235.78845
338.80768
245.78845
259.80768
249.78845
165.80768
268.78845
49.80768
355.78845
32.80768
394.78845
115.80768
385.78845
248.80768
359.78845
353.80768
423.78845
664.80768
378.78845
747.80768
282.78845
770.80768
224.78845
846.80768
48.78845
904.80768
-171.21155
913.80768
-158.21155
765.80768
-0.21155
680.80768
-31.21155
513.80768
-90.21155
414.80768
-59.21155
275.80768
-283.21155
202.80768
-311.21155
39.80768
-266.21155
-173.19232
-344.21155
-349.19232
-264.21155
-449.19232
-183.21155
-453.19232
5.78845
-406.19232
39.78845
-476.19232
