58
-253.10345
-851.12067
-221.10345
-929.12067
-169.10345
-962.12067
-80.10345
-966.12067
-6.10345
-948.12067
24.89655
-896.12067
43.89655
-823.12067
27.89655
-767.12067
-32.10345
-732.12067
-98.10345
-677.12067
-96.10345
-602.12067
-73.10345
-540.12067
-34.10345
-499.12067
19.89655
-451.12067
94.89655
-428.12067
129.89655
-356.12067
94.89655
-296.12067
36.89655
-235.12067
27.89655
-151.12067
32.89655
-97.12067
75.89655
-49.12067
137.89655
-16.12067
196.89655
29.87933
248.89655
108.87933
239.89655
197.87933
271.89655
350.87933
219.89655
441.87933
148.89655
483.87933
131.89655
569.87933
136.89655
669.87933
170.89655
746.87933
248.89655
892.87933
304.89655
947.87933
316.89655
1079.87939
230.89655
1129.87939
114.89655
1098.87939
75.89655
995.87933
14.89655
938.87933
-66.10345
922.87933
-106.10345
812.87933
-86.10345
697.87933
-53.10345
561.87933
-55.10345
497.87933
-106.10345
430.87933
-117.10345
341.87933
-97.10345
245.87933
-31.10345
189.87933
-20.10345
122.87933
-96.10345
60.87933
-206.10345
-3.12067
-214.10345
-122.12067
-198.10345
-214.12067
-165.10345
-298.12067
-195.10345
-365.12067
-266.10345
-440.12067
-259.10345
-564.12067
-225.10345
-665.12067
-260.10345
-756.12067
