52
-52.69232
-834.75000
-155.69232
-901.75000
-340.69232
-896.75000
-336.69232
-678.75000
-86.69232
-655.75000
-40.69232
-497.75000
-236.69232
-414.75000
-339.69232
-292.75000
-361.69232
-166.75000
-243.69232
-135.75000
-142.69232
-251.75000
-1.69232
-288.75000
51.30768
-149.75000
-53.69232
-90.75000
-194.69232
-72.75000
-213.69232
-1.75000
-74.69232
127.25000
-116.69232
207.25000
-190.69232
229.25000
-248.69232
286.25000
-244.69232
397.25000
-353.69232
551.25000
-329.69232
633.25000
-198.69232
717.25000
-218.69232
836.25000
-292.69232
937.25000
-100.69232
1142.25000
172.30768
969.25000
360.30768
855.25000
296.30768
733.25000
93.30768
745.25000
62.30768
661.25000
176.30768
542.25000
136.30768
447.25000
78.30768
387.25000
83.30768
314.25000
150.30768
252.25000
173.30768
151.25000
293.30768
77.25000
279.30768
-52.75000
184.30768
-102.75000
152.30768
-201.75000
161.30768
-302.75000
278.30768
-359.75000
334.30768
-478.75000
283.30768
-532.75000
150.30768
-523.75000
74.30768
-632.75000
148.30768
-717.75000
257.30768
-779.75000
250.30768
-876.75000
96.30768
-918.75000
