30
-159.86664
-700.23334
-38.86664
-794.23334
72.13336
-722.23334
93.13336
-651.23334
125.13336
-568.23334
135.13336
-479.23334
174.13336
-417.23334
163.13336
-345.23334
73.13336
-243.23334
84.13336
-185.23334
102.13336
-140.23334
82.13336
-62.23334
51.13336
15.76666
136.13336
184.76666
195.13336
360.76666
134.13336
441.76666
92.13336
526.76666
148.13336
627.76666
150.13336
732.76666
74.13336
770.76666
-53.86664
739.76666
-83.86664
573.76666
-136.86664
449.76666
-91.86664
313.76666
-63.86664
222.76666
-102.86664
144.76666
-191.86664
54.76666
-213.86664
-120.23334
-142.86664
-412.23334
-211.86664
-563.23334
