50
-168.17999
-593.09998
-165.17999
-653.09998
-128.17999
-697.09998
-88.17999
-758.09998
-29.17999
-776.09998
62.82001
-776.09998
119.82001
-697.09998
133.82001
-606.09998
233.82001
-539.09998
231.82001
-445.09998
173.82001
-403.09998
123.82001
-359.09998
122.82001
-288.09998
213.82001
-211.09998
224.82001
-144.09998
169.82001
-81.09998
128.82001
-16.09998
126.82001
59.90002
83.82001
117.90002
85.82001
199.90002
158.82001
255.90002
202.82001
316.90002
191.82001
394.90002
197.82001
496.90002
144.82001
567.90002
160.82001
652.90002
152.82001
751.90002
76.82001
776.90002
-19.17999
767.90002
-43.17999
715.90002
-39.17999
662.90002
-54.17999
614.90002
-108.17999
574.90002
-176.17999
504.90002
-155.17999
436.90002
-79.17999
375.90002
-68.17999
300.90002
-135.17999
256.90002
-226.17999
222.90002
-246.17999
153.90002
-193.17999
90.90002
-121.17999
30.90002
-129.17999
-53.09998
-117.17999
-118.09998
-121.17999
-183.09998
-123.17999
-234.09998
-111.17999
-322.09998
-147.17999
-382.09998
-164.17999
-451.09998
-158.17999
-513.09998
