50
-263.17999
-579.09998
-331.17999
-664.09998
-198.17999
-832.09998
-88.17999
-758.09998
-22.17999
-734.09998
86.82001
-770.09998
154.82001
-717.09998
150.82001
-593.09998
233.82001
-539.09998
258.82001
-445.09998
186.82001
-391.09998
91.82001
-348.09998
85.82001
-264.09998
172.82001
-205.09998
224.82001
-144.09998
199.82001
-87.09998
128.82001
-16.09998
126.82001
59.90002
83.82001
117.90002
85.82001
199.90002
158.82001
255.90002
202.82001
316.90002
191.82001
394.90002
197.82001
496.90002
144.82001
567.90002
160.82001
652.90002
152.82001
751.90002
84.82001
889.90002
-44.17999
872.90002
-70.17999
780.90002
-27.17999
710.90002
-32.17999
644.90002
-160.17999
584.90002
-165.17999
517.90002
-94.17999
435.90002
-69.17999
391.90002
-86.17999
328.90002
-182.17999
284.90002
-275.17999
238.90002
-274.17999
178.90002
-182.17999
117.90002
-131.17999
36.90002
-173.17999
-26.09998
-390.17999
-23.09998
-401.17999
-128.09998
-256.17999
-199.09998
-243.17999
-262.09998
-257.17999
-336.09998
-225.17999
-409.09998
-203.17999
-494.09998
