82
-75.60974
-315.65857
-97.60974
-335.65857
-115.60974
-380.65857
-115.60974
-437.65857
-145.60974
-480.65857
-168.60974
-517.65857
-171.60974
-563.65857
-131.60974
-603.65857
-62.60974
-622.65857
-1.60974
-594.65857
39.39026
-559.65857
57.39026
-511.65857
81.39026
-469.65857
118.39026
-442.65857
176.39026
-456.65857
220.39026
-496.65857
276.39026
-507.65857
316.39026
-475.65857
315.39026
-406.65857
292.39026
-341.65857
262.39026
-310.65857
202.39026
-283.65857
157.39026
-248.65857
139.39026
-203.65857
157.39026
-129.65857
154.39026
-39.65857
220.39026
26.34143
219.39026
110.34143
188.39026
150.34143
155.39026
185.34143
147.39026
231.34143
175.39026
274.34143
247.39026
304.34143
322.39026
396.34143
304.39026
462.34143
259.39026
492.34143
199.39026
474.34143
173.39026
440.34143
144.39026
386.34143
87.39026
365.34143
25.39026
421.34143
34.39026
497.34143
86.39026
550.34143
114.39026
594.34143
93.39026
647.34143
43.39026
680.34143
6.39026
692.34143
-36.60974
690.34143
-76.60974
672.34143
-138.60974
619.34143
-140.60974
524.34143
-116.60974
456.34143
-131.60974
407.34143
-227.60974
368.34143
-259.60974
317.34143
-221.60974
241.34143
-96.60974
223.34143
-61.60974
163.34143
-98.60974
103.34143
-160.60974
104.34143
-215.60974
148.34143
-268.60974
151.34143
-297.60974
116.34143
-276.60974
52.34143
-222.60974
33.34143
-126.60974
61.34143
-87.60974
43.34143
-66.60974
2.34143
-84.60974
-47.65857
-135.60974
-65.65857
-179.60974
-56.65857
-237.60974
-70.65857
-269.60974
-137.65857
-238.60974
-183.65857
-170.60974
-187.65857
-116.60974
-171.65857
-58.60974
-175.65857
-21.60974
-208.65857
-14.60974
-241.65857
-18.60974
-262.65857
-29.60974
-279.65857
-58.60974
-301.65857
