42
-85.42859
-451.57141
-150.42859
-537.57141
-163.42859
-623.57141
-128.42859
-698.57141
-49.42859
-724.57141
133.57141
-699.57141
155.57141
-591.57141
194.57141
-481.57141
218.57141
-338.57141
246.57141
-238.57141
339.57141
-177.57141
408.57141
-47.57141
292.57141
50.42859
198.57141
-21.57141
134.57141
-98.57141
68.57141
-136.57141
15.57141
-112.57141
-26.42859
-66.57141
-47.42859
-1.57141
17.57141
148.42859
91.57141
221.42859
147.57141
324.42859
160.57141
383.42859
131.57141
428.42859
92.57141
439.42859
3.57141
420.42859
-70.42859
480.42859
-55.42859
553.42859
41.57141
641.42859
9.57141
736.42859
-219.42859
692.42859
-221.42859
558.42859
-265.42859
423.42859
-164.42859
334.42859
-158.42859
229.42859
-246.42859
164.42859
-271.42859
94.42859
-187.42859
-46.57141
-238.42859
-135.57141
-237.42859
-225.57141
-209.42859
-293.57141
-98.42859
-341.57141
