46
6.84784
-321.43481
-31.15216
-454.43481
-94.15216
-462.43481
-149.15216
-419.43481
-164.15216
-338.43481
-216.15216
-296.43481
-292.15216
-335.43481
-300.15216
-449.43475
-268.15216
-610.43475
-171.15216
-695.43475
-61.15216
-693.43475
54.84784
-631.43475
194.84784
-649.43475
331.84784
-622.43475
337.84784
-488.43475
265.84784
-409.43475
198.84784
-342.43481
176.84784
-254.43481
178.84784
-167.43481
138.84784
-55.43475
300.84784
48.56519
332.84784
149.56525
285.84784
212.56525
186.84784
276.56525
208.84784
411.56519
199.84784
507.56525
202.84784
559.56519
232.84784
611.56519
238.84784
706.56519
177.84784
749.56525
39.84784
750.56519
-18.15216
723.56525
-96.15216
656.56519
-123.15216
576.56519
-171.15216
544.56519
-248.15216
522.56519
-278.15216
465.56519
-219.15216
381.56519
-117.15216
318.56519
-110.15216
263.56519
-173.15216
186.56519
-237.15216
133.56519
-227.15216
29.56519
-127.15216
-39.43475
-124.15216
-121.43481
-66.15216
-190.43475
