43
-159.60468
-339.83722
-169.60468
-447.83722
-191.60468
-517.83722
-142.60468
-580.83722
-76.60468
-618.83722
28.39532
-628.83722
113.39532
-609.83722
158.39532
-470.83722
161.39532
-374.83722
233.39532
-213.83722
341.39532
-127.83722
341.39532
-49.83722
267.39532
-1.83722
195.39532
13.16278
136.39532
57.16278
142.39532
146.16278
247.39532
205.16278
277.39532
301.16278
260.39532
387.16278
167.39532
473.16278
214.39532
616.16278
125.39532
703.16278
-44.60468
734.16278
-158.60468
652.16278
-165.60468
575.16278
-79.60468
492.16278
-84.60468
397.16278
-146.60468
330.16278
-160.60468
252.16278
-104.60468
173.16278
-117.60468
95.16278
-199.60468
57.16278
-250.60468
38.16278
-276.60468
-17.83722
-288.60468
-73.83722
-257.60468
-129.83722
-183.60468
-143.83722
-91.60468
-81.83722
35.39532
-88.83722
60.39532
-149.83722
19.39532
-199.83722
-68.60468
-211.83722
-142.60468
-249.83722
