61
-134.95081
-874.77051
-125.95081
-963.77051
-92.95081
-1019.77051
-27.95081
-1034.77051
63.04919
-1057.77051
161.04919
-1059.77051
221.04919
-1003.77051
235.04919
-927.77051
229.04919
-853.77051
190.04919
-795.77051
98.04919
-705.77051
56.04919
-627.77051
70.04919
-558.77051
109.04919
-488.77051
169.04919
-453.77051
197.04919
-406.77051
234.04919
-266.77051
254.04919
-173.77051
223.04919
-85.77051
148.04919
-49.77051
75.04919
-19.77051
54.04919
37.22949
64.04919
110.22949
144.04919
162.22949
210.04919
275.22949
262.04919
394.22949
220.04919
478.22949
146.04919
504.22949
91.04919
553.22949
49.04919
680.22949
21.04919
739.22949
-3.95081
818.22949
59.04919
893.22949
82.04919
995.22949
53.04919
1077.22949
-21.95081
1114.22949
-111.95081
1126.22949
-172.95081
1070.22949
-170.95081
990.22949
-166.95081
911.22949
-205.95081
850.22949
-219.95081
783.22949
-196.95081
695.22949
-162.95081
582.22949
-184.95081
486.22949
-123.95081
413.22949
-79.95081
343.22949
-90.95081
273.22949
-137.95081
189.22949
-230.95081
110.22949
-209.95081
7.22949
-170.95081
-36.77051
-99.95081
-120.77051
-37.95081
-221.77051
-72.95081
-321.77051
-86.95081
-391.77051
-140.95081
-434.77051
-181.95081
-527.77051
-174.95081
-616.77051
-161.95081
-724.77051
-181.95081
-805.77051
