39
-64.23077
-431.76929
-128.23077
-447.76929
-203.23077
-448.76929
-249.23077
-504.76929
-223.23077
-587.76929
-126.23077
-638.76923
70.76923
-656.76923
183.76923
-602.76923
214.76923
-518.76923
255.76923
-448.76923
322.76923
-358.76923
334.76923
-180.76923
221.76923
-6.76923
100.76923
63.23077
-3.23077
109.23071
-2.23077
226.23077
132.76923
280.23071
193.76923
391.23071
146.76923
472.23071
141.76923
570.23071
303.76923
650.23077
304.76923
764.23077
102.76923
836.23077
15.76923
824.23077
-112.23077
757.23077
-172.23077
562.23077
-251.23077
481.23077
-246.23077
328.23077
-218.23077
225.23071
-225.23077
158.23071
-282.23077
96.23077
-287.23077
3.23071
-291.23077
-100.76929
-190.23077
-157.76929
-76.23077
-110.76929
6.76923
-171.76929
-8.23077
-257.76929
-32.23077
-305.76929
-41.23077
-389.76929
