43
-58.55817
-419.62793
-189.55817
-469.62793
-232.55817
-540.62793
-185.55817
-615.62793
-99.55817
-716.62793
120.44183
-702.62793
219.44183
-672.62793
253.44183
-571.62793
221.44183
-516.62793
202.44183
-433.62793
299.44183
-297.62793
238.44183
-185.62793
274.44183
-91.62793
312.44183
-30.62793
356.44183
53.37207
322.44183
113.37207
302.44183
176.37207
276.44183
230.37207
202.44183
297.37207
100.44183
298.37207
25.44183
275.37207
-10.55817
263.37207
-68.55817
274.37207
-97.55817
311.37207
-77.55817
403.37207
-65.55817
512.37207
91.44183
555.37207
113.44183
624.37207
-34.55817
692.37207
-214.55817
641.37207
-253.55817
578.37207
-249.55817
455.37207
-304.55817
307.37207
-320.55817
208.37207
-168.55817
87.37207
-38.55817
62.37207
-14.55817
-32.62793
-96.55817
-92.62793
-232.55817
-61.62793
-305.55817
-82.62793
-297.55817
-175.62793
-161.55817
-260.62793
-55.55817
-315.62793
