51
305.50983
-663.50977
231.50983
-807.50977
163.50983
-863.50977
85.50983
-885.50977
-10.49017
-885.50977
-86.49017
-871.50977
-127.49017
-786.50977
-98.49017
-703.50977
-117.49017
-618.50977
-223.49017
-564.50977
-277.49017
-493.50977
-270.49017
-426.50977
-172.49017
-320.50977
-91.49017
-263.50977
-122.49017
-136.50977
-218.49017
-69.50977
-286.49017
-0.50977
-306.49017
85.49023
-259.49017
217.49023
-245.49017
310.49023
-167.49017
398.49023
-151.49017
447.49023
-192.49017
503.49023
-267.49017
521.49023
-307.49017
563.49023
-296.49017
628.49023
-276.49017
708.49023
-239.49017
748.49023
-141.49017
790.49023
-55.49017
810.49023
31.50983
815.49023
94.50983
803.49023
181.50983
792.49023
238.50983
745.49023
265.50983
637.49023
202.50983
564.49023
159.50983
441.49023
86.50983
286.49023
59.50983
184.49023
165.50983
129.49023
335.50983
120.49023
351.50983
33.49023
271.50983
-28.50977
194.50983
-108.50977
221.50983
-183.50977
294.50983
-239.50977
330.50983
-327.50977
275.50983
-389.50977
108.50983
-409.50977
61.50983
-485.50977
169.50983
-577.50977
