44
43.56818
-408.79547
-36.43182
-508.79541
-170.43182
-476.79541
-244.43182
-363.79541
-349.43182
-365.79541
-346.43182
-588.79547
-249.43182
-671.79547
-71.43182
-685.79547
86.56818
-686.79547
232.56818
-676.79547
308.56818
-602.79547
334.56818
-530.79547
373.56818
-331.79547
353.56818
-201.79547
335.56818
-6.79547
351.56818
89.20453
353.56818
183.20459
319.56818
263.20459
198.56818
250.20459
147.56818
195.20453
107.56818
111.20453
104.56818
39.20459
131.56818
-32.79541
90.56818
-110.79541
-1.43182
-110.79541
-52.43182
-52.79547
-93.43182
150.20453
-81.43182
233.20459
19.56818
337.20453
125.56818
456.20453
110.56818
540.20453
125.56818
633.20459
67.56818
687.20453
-84.43182
726.20453
-197.43182
733.20453
-245.43182
685.20453
-274.43182
597.20453
-310.43182
460.20453
-345.43182
372.20459
-339.43182
285.20453
-294.43182
48.20453
-280.43182
-78.79547
-217.43182
-225.79547
-77.43182
-296.79541
