31
15.74194
-263.90320
-89.25806
-342.90320
-213.25806
-233.90320
-297.25806
-257.90320
-314.25806
-331.90320
-298.25806
-411.90320
-156.25806
-525.90320
-9.25806
-538.90320
104.74194
-413.90320
267.74194
-466.90320
348.74194
-406.90320
360.74194
-278.90320
342.74194
-135.90320
290.74194
-79.90320
158.74194
-96.90320
90.74194
-56.90320
117.74194
65.09680
194.74194
173.09680
137.74194
259.09680
74.74194
341.09680
145.74194
486.09680
94.74194
628.09680
-32.25806
668.09680
-121.25806
671.09680
-179.25806
643.09680
-211.25806
523.09680
-193.25806
399.09680
-272.25806
222.09680
-264.25806
46.09680
-155.25806
-25.90320
-65.25806
-118.90320
