71
-114.30988
-425.05640
-45.30988
-474.05640
-24.30988
-557.05640
-78.30988
-633.05640
-142.30988
-662.05640
-181.30988
-719.05640
-206.30988
-797.05640
-203.30988
-865.05640
-185.30988
-947.05640
-146.30988
-1006.05640
-37.30988
-1037.05640
27.69012
-1031.05640
110.69012
-1029.05640
160.69012
-1001.05640
195.69012
-960.05640
208.69012
-891.05640
187.69012
-826.05640
81.69012
-785.05640
50.69012
-730.05640
75.69012
-679.05640
130.69012
-651.05640
195.69012
-630.05640
231.69012
-592.05640
254.69012
-532.05640
252.69012
-469.05640
211.69012
-424.05640
182.69012
-373.05640
197.69012
-292.05640
259.69012
-237.05640
307.69012
-147.05640
267.69012
-81.05640
197.69012
-39.05640
143.69012
74.94360
146.69012
154.94360
231.69012
203.94360
300.69012
267.94360
365.69012
341.94360
366.69012
454.94360
333.69012
547.94360
254.69012
591.94360
186.69012
630.94360
135.69012
686.94360
68.69012
692.94360
-21.30988
579.94360
-100.30988
598.94360
-155.30988
679.94360
-150.30988
767.94360
-114.30988
858.94360
-90.30988
958.94360
-74.30988
1036.94360
-168.30988
1227.94360
-276.30988
1245.94360
-325.30988
1176.94360
-347.30988
1068.94360
-333.30988
975.94360
-340.30988
905.94360
-358.30988
838.94360
-370.30988
750.94360
-361.30988
672.94360
-303.30988
551.94360
-244.30988
484.94360
-135.30988
462.94360
-61.30988
379.94360
-32.30988
306.94360
-12.30988
202.94360
-44.30988
76.94360
35.69012
-50.05640
-21.30988
-155.05640
-96.30988
-214.05640
-160.30988
-279.05640
-154.30988
-357.05640
