63
-225.31744
-952.80957
-147.31744
-1014.80957
-93.31744
-1074.80957
-4.31744
-1080.80957
46.68256
-1064.80957
64.68256
-1034.80957
69.68256
-990.80957
45.68256
-930.80957
-36.31744
-838.80957
-132.31744
-765.80957
-136.31744
-687.80957
-113.31744
-610.80957
-65.31744
-571.80957
52.68256
-572.80957
141.68256
-577.80957
192.68256
-530.80957
246.68256
-467.80957
289.68256
-403.80957
326.68256
-259.80957
352.68256
-112.80957
256.68256
-12.80957
313.68256
131.19043
389.68256
280.19043
311.68256
427.19043
184.68256
494.19043
120.68256
605.19043
47.68256
725.19043
47.68256
814.19043
89.68256
893.19043
166.68256
1051.19043
93.68256
1123.19043
-19.31744
1103.19043
-81.31744
1075.19043
-96.31744
995.19043
-73.31744
950.19043
-71.31744
893.19043
-115.31744
855.19043
-197.31744
816.19043
-226.31744
752.19043
-204.31744
700.19043
-168.31744
664.19043
-157.31744
602.19043
-193.31744
537.19043
-198.31744
437.19043
-105.31744
383.19043
-15.31744
385.19043
87.68256
365.19043
124.68256
329.19043
132.68256
257.19043
80.68256
213.19043
-18.31744
150.19043
-21.31744
68.19043
38.68256
-16.80957
63.68256
-107.80957
36.68256
-189.80957
33.68256
-298.80957
-34.31744
-352.80957
-143.31744
-401.80957
-242.31744
-450.80957
-252.31744
-526.80957
-288.31744
-634.80957
-265.31744
-707.80957
-278.31744
-818.80957
