61
8.08197
-914.16394
75.08197
-929.16394
116.08197
-929.16394
218.08197
-919.16394
319.08197
-861.16394
307.08197
-794.16394
252.08197
-762.16394
185.08197
-740.16394
160.08197
-689.16394
193.08197
-637.16394
271.08197
-585.16394
293.08197
-516.16394
250.08197
-462.16394
182.08197
-442.16394
136.08197
-408.16394
134.08197
-348.16394
143.08197
-263.16394
144.08197
-195.16394
108.08197
-165.16394
59.08197
-162.16394
5.08197
-163.16394
-45.91803
-127.16394
-131.91803
-37.16394
-161.91803
60.83606
-145.91803
155.83606
-75.91803
196.83606
-9.91803
199.83606
50.08197
219.83606
119.08197
271.83606
216.08197
369.83606
173.08197
472.83606
114.08197
540.83606
30.08197
608.83606
66.08197
737.83606
102.08197
843.83606
125.08197
1001.83606
71.08197
1073.83606
62.08197
1166.83606
-46.91803
1226.83606
-161.91803
1136.83606
-179.91803
1001.83606
-91.91803
894.83606
-70.91803
824.83606
-118.91803
736.83606
-167.91803
655.83606
-159.91803
577.83606
-130.91803
479.83606
-173.91803
349.83606
-293.91803
299.83606
-288.91803
149.83606
-352.91803
38.83606
-401.91803
-90.16394
-356.91803
-170.16394
-247.91803
-203.16394
-146.91803
-256.16394
-161.91803
-367.16394
-231.91803
-454.16394
-181.91803
-556.16394
-87.91803
-592.16394
-30.91803
-714.16394
-66.91803
-814.16394
