51
-109.74512
-775.98041
-45.74512
-831.98041
47.25488
-853.98041
145.25488
-838.98041
197.25488
-781.98041
214.25488
-698.98041
198.25488
-633.98041
154.25488
-594.98041
75.25488
-529.98041
81.25488
-441.98041
100.25488
-354.98041
179.25488
-285.98041
275.25488
-195.98041
247.25488
-126.98041
184.25488
-96.98041
105.25488
-55.98041
88.25488
24.01959
113.25488
90.01959
202.25488
133.01959
242.25488
199.01959
272.25488
301.01959
232.25488
376.01959
149.25488
400.01959
75.25488
460.01959
17.25488
494.01959
-7.74512
547.01959
-3.74512
654.01959
69.25488
709.01959
98.25488
803.01959
-15.74512
880.01959
-113.74512
866.01959
-185.74512
817.01959
-189.74512
740.01959
-170.74512
674.01959
-198.74512
611.01959
-222.74512
534.01959
-229.74512
433.01959
-179.74512
339.01959
-87.74512
250.01959
-80.74512
133.01959
-153.74512
77.01959
-242.74512
1.01959
-246.74512
-77.98041
-169.74512
-163.98041
-92.74512
-220.98041
-99.74512
-322.98041
-155.74512
-375.98041
-214.74512
-425.98041
-231.74512
-535.98041
-131.74512
-609.98041
-105.74512
-689.98041
