55
-74.21820
-920.18176
-6.21820
-858.18176
17.78180
-750.18176
107.78180
-711.18176
159.78180
-739.18176
205.78180
-867.18176
288.78180
-876.18176
345.78180
-830.18176
361.78180
-725.18176
331.78180
-653.18176
207.78180
-587.18176
167.78180
-525.18176
186.78180
-463.18176
236.78180
-414.18176
247.78180
-318.18176
165.78180
-236.18176
145.78180
-150.18176
200.78180
-26.18176
191.78180
78.81824
110.78180
110.81824
39.78180
59.81824
-15.21820
-1.18176
-150.21820
28.81824
-157.21820
200.81824
-144.21820
423.81824
-17.21820
453.81824
147.78180
468.81824
215.78180
727.81824
182.78180
813.81824
71.78180
899.81824
2.78180
910.81824
-58.21820
972.81824
-121.21820
1056.81824
-187.21820
1052.81824
-212.21820
971.81824
-135.21820
859.81824
-59.21820
774.81824
9.78180
713.81824
-13.21820
618.81824
-102.21820
599.81824
-166.21820
582.81824
-212.21820
522.81824
-280.21820
418.81824
-303.21820
279.81824
-316.21820
148.81824
-277.21820
-17.18176
-246.21820
-77.18176
-173.21820
-158.18176
-16.21820
-216.18176
-7.21820
-323.18176
-92.21820
-483.18176
-93.21820
-588.18176
-122.21820
-653.18176
-144.21820
-779.18176
-155.21820
-881.18176
