59
-160.71185
-1010.88135
-142.71185
-1092.88135
-55.71185
-1133.88135
100.28815
-1124.88135
178.28815
-1013.88135
152.28815
-928.88135
65.28815
-883.88135
-24.71185
-814.88135
6.28815
-704.88135
137.28815
-677.88135
201.28815
-643.88135
267.28815
-483.88135
246.28815
-381.88135
188.28815
-322.88135
115.28815
-279.88135
105.28815
-195.88135
175.28815
-141.88135
249.28815
-73.88135
244.28815
52.11865
227.28815
147.11865
138.28815
183.11865
72.28815
223.11865
57.28815
316.11865
130.28815
372.11865
209.28815
414.11865
255.28815
568.11865
214.28815
693.11865
143.28815
764.11865
81.28815
781.11865
36.28815
832.11865
33.28815
899.11865
148.28815
984.11865
131.28815
1093.11865
-30.71185
1096.11865
-133.71185
1080.11865
-220.71185
1024.11865
-231.71185
949.11865
-198.71185
889.11865
-186.71185
816.11865
-145.71185
731.11865
-80.71185
599.11865
-126.71185
484.11865
-116.71185
397.11865
-150.71185
343.11865
-196.71185
280.11865
-180.71185
180.11865
-88.71185
101.11865
-41.71185
37.11865
-19.71185
-85.88135
-71.71185
-146.88135
-132.71185
-204.88135
-146.71185
-287.88135
-115.71185
-375.88135
-141.71185
-513.88135
-129.71185
-623.88135
-203.71185
-672.88135
-302.71185
-734.88135
-287.71185
-838.88135
-232.71185
-951.88135
