61
-100.19672
-364.42627
-176.19672
-430.42627
-202.19672
-549.42627
-105.19672
-632.42627
-27.19672
-729.42627
-52.19672
-807.42627
-140.19672
-918.42627
-170.19672
-1003.42627
-120.19672
-1052.42627
-50.19672
-1071.42627
42.80328
-1072.42627
130.80328
-1062.42627
190.80328
-1030.42627
196.80328
-973.42627
180.80328
-913.42627
155.80328
-864.42627
159.80328
-789.42627
193.80328
-739.42627
230.80328
-687.42627
239.80328
-618.42627
188.80328
-562.42627
117.80328
-524.42627
101.80328
-476.42627
105.80328
-408.42627
143.80328
-366.42627
179.80328
-281.42627
220.80328
-216.42627
199.80328
-124.42627
163.80328
-45.42627
105.80328
27.57373
111.80328
129.57373
173.80328
224.57373
159.80328
290.57373
114.80328
337.57373
57.80328
473.57373
127.80328
578.57373
189.80328
661.57373
142.80328
780.57373
10.80328
839.57373
-45.19672
988.57373
28.80328
1070.57373
30.80328
1155.57373
-69.19672
1241.57373
-182.19672
1224.57373
-209.19672
1156.57373
-219.19672
1088.57373
-206.19672
1037.57373
-182.19672
986.57373
-225.19672
894.57373
-251.19672
824.57373
-230.19672
763.57373
-162.19672
706.57373
-159.19672
602.57373
-172.19672
508.57373
-132.19672
422.57373
-145.19672
306.57373
-205.19672
217.57373
-149.19672
110.57373
-70.19672
32.57373
-86.19672
-118.42627
-155.19672
-204.42627
