60
-248.48334
-878.98328
-349.48334
-841.98328
-403.48334
-769.98328
-392.48334
-656.98328
-358.48334
-589.98328
-302.48334
-570.98328
-188.48334
-552.98328
-107.48334
-522.98328
-81.48334
-381.98328
11.51666
-316.98328
13.51666
-208.98328
-49.48334
-152.98328
-182.48334
-123.98328
-238.48334
-12.98328
-247.48334
138.01672
-198.48334
197.01672
-96.48334
231.01672
-54.48334
321.01672
-123.48334
419.01672
-225.48334
490.01672
-234.48334
600.01672
-177.48334
699.01672
-46.48334
740.01672
-14.48334
830.01672
-62.48334
935.01672
16.51666
1046.01672
121.51666
1078.01672
193.51666
1044.01672
235.51666
1002.01672
254.51666
924.01672
233.51666
853.01672
160.51666
779.01672
99.51666
695.01672
112.51666
617.01672
120.51666
529.01672
109.51666
433.01672
137.51666
385.01672
169.51666
324.01672
148.51666
255.01672
103.51666
187.01672
73.51666
129.01672
66.51666
69.01672
103.51666
19.01672
214.51666
-22.98328
255.51666
-65.98328
240.51666
-125.98328
190.51666
-196.98328
198.51666
-260.98328
234.51666
-324.98328
212.51666
-442.98328
210.51666
-528.98328
170.51666
-585.98328
87.51666
-626.98328
32.51666
-692.98328
62.51666
-796.98328
95.51666
-870.98328
59.51666
-965.98328
-43.48334
-993.98328
-114.48334
-935.98328
-170.48334
-875.98328
