65
-145.38464
-707.10767
-211.38464
-784.10767
-228.38464
-883.10767
-194.38464
-958.10767
-137.38464
-1015.10767
-49.38464
-1022.10767
31.61536
-1028.10767
77.61536
-1002.10767
118.61536
-931.10767
130.61536
-877.10767
119.61536
-816.10767
83.61536
-776.10767
65.61536
-712.10767
75.61536
-639.10767
117.61536
-591.10767
183.61536
-542.10767
250.61536
-393.10767
306.61536
-347.10767
328.61536
-288.10767
325.61536
-184.10767
299.61536
-136.10767
248.61536
-112.10767
173.61536
-57.10767
149.61536
41.89233
199.61536
113.89233
265.61536
190.89233
264.61536
266.89233
219.61536
335.89233
137.61536
372.89233
116.61536
518.89233
176.61536
596.89233
241.61536
691.89233
223.61536
768.89233
151.61536
856.89233
61.61536
834.89233
-43.38464
730.89233
-117.38464
758.89233
-133.38464
831.89233
-118.38464
918.89233
-152.38464
1038.89233
-256.38464
1041.89233
-356.38464
961.89233
-376.38464
830.89233
-351.38464
743.89233
-292.38464
672.89233
-209.38464
624.89233
-122.38464
571.89233
-62.38464
498.89233
-73.38464
444.89233
-126.38464
398.89233
-170.38464
339.89233
-163.38464
273.89233
-110.38464
234.89233
-44.38464
201.89233
-20.38464
130.89233
-68.38464
58.89233
-115.38464
-25.10767
-115.38464
-123.10767
-59.38464
-187.10767
0.61536
-273.10767
-17.38464
-367.10767
-82.38464
-407.10767
-158.38464
-467.10767
-166.38464
-563.10767
-127.38464
-637.10767
