56
-106.16071
-791.66077
-154.16071
-865.66077
-175.16071
-941.66077
-132.16071
-1004.66077
-44.16071
-1040.66077
79.83929
-1020.66077
164.83929
-984.66077
188.83929
-899.66077
160.83929
-801.66077
95.83929
-714.66077
95.83929
-632.66077
152.83929
-538.66077
249.83929
-469.66077
293.83929
-380.66077
282.83929
-248.66077
214.83929
-200.66077
139.83929
-137.66077
143.83929
-39.66077
227.83929
21.33923
245.83929
119.33923
175.83929
200.33923
170.83929
298.33923
214.83929
370.33923
196.83929
454.33923
118.83929
490.33923
28.83929
516.33923
-18.16071
617.33923
10.83929
739.33923
99.83929
784.33923
123.83929
900.33923
-4.16071
977.33923
-75.16071
1057.33923
-169.16071
1063.33923
-223.16071
977.33923
-221.16071
910.33923
-167.16071
845.33923
-165.16071
770.33923
-200.16071
687.33923
-232.16071
591.33923
-187.16071
484.33923
-114.16071
452.33923
-51.16071
386.33923
-78.16071
289.33923
-131.16071
219.33923
-162.16071
142.33923
-103.16071
59.33923
-64.16071
-32.66077
-111.16071
-105.66077
-120.16071
-195.66077
-54.16071
-268.66077
-28.16071
-345.66077
-22.16071
-416.66077
-83.16071
-476.66077
-141.16071
-566.66077
-134.16071
-655.66077
-95.16071
-719.66077
