56
89.96429
-935.01782
47.96429
-856.01782
8.96429
-764.01782
33.96429
-696.01782
147.96429
-660.01782
233.96429
-562.01782
342.96429
-473.01782
387.96429
-396.01782
380.96429
-333.01782
320.96429
-285.01782
183.96429
-233.01782
80.96429
-104.01782
142.96429
-21.01782
234.96429
42.98218
262.96429
207.98218
169.96429
246.98218
5.96429
249.98218
-38.03571
334.98218
51.96429
464.98218
147.96429
471.98218
272.96429
562.98218
285.96429
640.98218
173.96429
692.98218
131.96429
787.98218
155.96429
872.98218
155.96429
949.98218
76.96429
996.98218
-62.03571
983.98218
-144.03571
887.98218
-148.03571
826.98218
-101.03571
746.98218
-75.03571
647.98218
-116.03571
585.98218
-173.03571
516.98218
-194.03571
442.98218
-240.03571
363.98218
-249.03571
269.98218
-213.03571
202.98218
-142.03571
173.98218
-79.03571
108.98218
-94.03571
43.98218
-118.03571
-7.01782
-188.03571
-47.01782
-225.03571
-105.01782
-155.03571
-206.01782
-60.03571
-270.01782
-69.03571
-395.01782
-114.03571
-488.01782
-151.03571
-553.01782
-248.03571
-610.01782
-285.03571
-683.01782
-288.03571
-782.01782
-256.03571
-873.01782
-186.03571
-945.01782
-97.03571
-1019.01782
37.96429
-1021.01782
