61
-81.70490
-960.85242
-117.70490
-1038.85242
-97.70490
-1110.85242
-35.70490
-1152.85242
36.29510
-1174.85242
142.29510
-1145.85242
244.29510
-1075.85242
270.29510
-1006.85242
270.29510
-908.85242
199.29510
-839.85242
145.29510
-764.85242
156.29510
-691.85242
230.29510
-625.85242
253.29510
-446.85242
300.29510
-333.85242
246.29510
-232.85242
132.29510
-212.85242
24.29510
-105.85242
11.29510
-4.85242
76.29510
63.14758
137.29510
118.14758
188.29510
206.14758
227.29510
346.14758
208.29510
450.14758
131.29510
485.14758
35.29510
502.14758
-38.70490
552.14758
-34.70490
616.14758
7.29510
673.14758
78.29510
789.14758
169.29510
867.14758
158.29510
922.14758
79.29510
967.14758
23.29510
1032.14758
-4.70490
1093.14758
-51.70490
1120.14758
-135.70490
1093.14758
-155.70490
1021.14758
-145.70490
966.14758
-162.70490
888.14758
-219.70490
840.14758
-258.70490
744.14758
-225.70490
666.14758
-260.70490
563.14758
-196.70490
453.14758
-111.70490
404.14758
-103.70490
308.14758
-149.70490
225.14758
-186.70490
147.14758
-170.70490
30.14758
-208.70490
-36.85242
-252.70490
-151.85242
-175.70490
-249.85242
-110.70490
-293.85242
-95.70490
-398.85242
-59.70490
-506.85242
-51.70490
-585.85242
-103.70490
-651.85242
-113.70490
-726.85242
-65.70490
-799.85242
-44.70490
-875.85242
