55
-116.10907
-1040.07275
-276.10907
-1076.07275
-351.10907
-1037.07275
-415.10907
-954.07275
-395.10907
-812.07275
-321.10907
-732.07275
-234.10907
-710.07275
-94.10907
-654.07275
-37.10907
-571.07275
-76.10907
-486.07275
-165.10907
-371.07275
-213.10907
-297.07275
-181.10907
-226.07275
-104.10907
-168.07275
-100.10907
-56.07275
-222.10907
16.92725
-253.10907
103.92725
-210.10907
189.92725
-133.10907
228.92725
-62.10907
327.92725
-17.10907
451.92725
47.89093
514.92725
48.89093
589.92725
11.89093
633.92725
-48.10907
708.92725
-58.10907
775.92725
-27.10907
882.92725
50.89093
1023.92725
114.89093
1058.92725
175.89093
1045.92725
212.89093
973.92725
218.89093
897.92725
221.89093
818.92725
250.89093
737.92725
277.89093
680.92725
284.89093
599.92725
263.89093
536.92725
221.89093
430.92725
249.89093
358.92725
254.89093
282.92725
222.89093
214.92725
133.89093
163.92725
54.89093
64.92725
86.89093
-24.07275
105.89093
-103.07275
63.89093
-175.07275
59.89093
-276.07275
148.89093
-348.07275
171.89093
-486.07275
143.89093
-612.07275
86.89093
-702.07275
6.89093
-759.07275
-92.10907
-824.07275
-100.10907
-901.07275
-80.10907
-976.07275
