57
-71.01755
-895.50879
-105.01755
-1021.50879
-71.01755
-1091.50879
50.98245
-1099.50879
154.98245
-1057.50879
184.98242
-970.50879
124.98245
-890.50879
94.98245
-807.50879
137.98245
-726.50879
273.98245
-658.50879
302.98245
-550.50879
233.98245
-511.50879
91.98245
-481.50879
45.98245
-370.50879
72.98245
-319.50879
151.98245
-271.50879
231.98245
-155.50879
188.98245
-79.50879
94.98245
76.49121
116.98245
179.49121
206.98245
222.49121
236.98245
320.49121
191.98245
425.49121
108.98245
479.49121
38.98245
566.49121
-12.01755
631.49121
-16.01755
692.49121
30.98245
755.49121
151.98245
871.49121
216.98245
975.49121
122.98245
1070.49121
-27.01758
1071.49121
-69.01758
1014.49121
-86.01755
946.49121
-191.01755
899.49121
-273.01755
859.49121
-270.01755
775.49121
-235.01755
705.49121
-166.01755
591.49121
-179.01758
501.49121
-135.01755
427.49121
-105.01758
368.49121
-117.01755
302.49121
-158.01755
234.49121
-170.01758
175.49121
-134.01755
126.49121
-69.01755
62.49121
-81.01755
-39.50879
-170.01755
-99.50879
-194.01755
-217.50879
-165.01755
-291.50879
-134.01755
-412.50879
-59.01758
-495.50879
-39.01758
-598.50879
-66.01755
-658.50879
-122.01755
-704.50879
-145.01755
-795.50879
