53
-185.28302
-542.15094
-167.28302
-636.15094
-110.28302
-685.15094
-34.28302
-698.15094
40.71698
-695.15094
76.71698
-639.15094
78.71698
-591.15094
55.71698
-511.15094
29.71698
-449.15094
-9.28302
-409.15094
-69.28302
-380.15094
-137.28302
-369.15094
-189.28302
-339.15094
-206.28302
-286.15094
-208.28302
-231.15094
-187.28302
-186.15094
-119.28302
-147.15094
42.71698
-98.15094
103.71698
-64.15094
183.71698
-32.15094
242.71698
27.84906
275.71698
96.84906
284.71698
158.84906
267.71698
215.84906
214.71698
255.84906
193.71698
320.84906
217.71698
390.84906
266.71698
443.84906
276.71698
494.84906
234.71698
557.84906
172.71698
595.84906
147.71698
646.84906
80.71698
720.84906
-6.28302
695.84906
-30.28302
656.84906
-13.28302
595.84906
37.71698
556.84906
96.71698
495.84906
87.71698
428.84906
74.71698
375.84906
30.71698
292.84906
0.71698
216.84906
4.71698
142.84906
8.71698
88.84906
-17.28302
48.84906
-97.28302
8.84906
-189.28302
14.84906
-280.28302
-44.15094
-317.28302
-123.15094
-318.28302
-209.15094
-334.28302
-297.15094
-310.28302
-391.15094
-248.28302
-480.15094
