53
45.15094
-525.64148
96.15094
-579.64148
186.15094
-587.64148
256.15094
-552.64148
311.15094
-509.64148
343.15094
-437.64148
317.15094
-387.64148
252.15094
-367.64148
181.15094
-351.64148
142.15094
-300.64148
124.15094
-257.64148
92.15094
-209.64148
92.15094
-162.64148
124.15094
-83.64148
193.15094
-53.64148
286.15094
-42.64148
353.15094
-5.64148
356.15094
71.35852
304.15094
125.35852
223.15094
119.35852
151.15094
95.35852
110.15094
64.35852
19.15094
17.35852
-29.84906
34.35852
-63.84906
72.35852
-83.84906
110.35852
-110.84906
178.35852
-138.84906
249.35852
-99.84906
313.35852
-14.84906
393.35852
-26.84906
462.35852
-66.84906
552.35852
-135.84906
636.35852
-210.84906
701.35852
-290.84906
694.35852
-324.84906
617.35852
-331.84906
545.35852
-291.84906
478.35852
-264.84906
413.35852
-282.84906
325.35852
-299.84906
220.35852
-314.84906
154.35852
-283.84906
92.35852
-269.84906
16.35852
-176.84906
-33.64148
-87.84906
-46.64148
-49.84906
-101.64148
-66.84906
-168.64148
-65.84906
-263.64148
-55.84906
-340.64148
-70.84906
-397.64148
-59.84906
-446.64148
-11.84906
-481.64148
