64
-198.79688
-618.62500
-250.79688
-651.62500
-269.79688
-722.62500
-235.79688
-771.62500
-162.79688
-809.62500
-20.79688
-825.62500
79.20313
-819.62500
148.20313
-808.62500
191.20313
-759.62500
208.20313
-715.62500
212.20313
-662.62500
191.20313
-609.62500
150.20313
-573.62500
85.20313
-558.62500
18.20313
-526.62500
-57.79688
-484.62500
-99.79688
-419.62500
-113.79688
-350.62500
-76.79688
-302.62500
-19.79688
-299.62500
84.20313
-283.62500
138.20313
-255.62500
196.20313
-211.62500
216.20313
-124.62500
231.20313
-48.62500
254.20313
19.37500
349.20313
84.37500
382.20313
184.37500
399.20313
261.37500
411.20313
371.37500
375.20313
454.37500
319.20313
544.37500
281.20313
593.37500
187.20313
694.37500
82.20313
709.37500
-48.79688
708.37500
-97.79688
765.37500
-126.79688
824.37500
-139.79688
917.37500
-213.79688
986.37500
-292.79688
960.37500
-311.79688
896.37500
-295.79688
817.37500
-307.79688
744.37500
-295.79688
680.37500
-234.79688
610.37500
-154.79688
566.37500
-49.79688
511.37500
55.20313
403.37500
144.20313
375.37500
191.20313
307.37500
155.20313
228.37500
128.20313
160.37500
79.20313
112.37500
-27.79688
74.37500
-69.79688
-5.62500
-93.79688
-81.62500
-155.79688
-114.62500
-258.79688
-100.62500
-327.79688
-179.62500
-344.79688
-357.62500
-290.79688
-452.62500
-201.79688
-503.62500
-171.79688
-559.62500
