77
33.83118
-889.79224
94.83118
-927.79224
152.83118
-956.79224
211.83118
-973.79224
266.83118
-946.79224
299.83118
-864.79224
282.83118
-786.79224
237.83118
-750.79224
157.83118
-684.79224
75.83118
-631.79224
6.83118
-606.79224
-58.16882
-565.79224
-82.16882
-480.79224
-94.16882
-424.79224
-90.16882
-349.79224
-23.16882
-285.79224
62.83118
-247.79224
131.83118
-231.79224
198.83118
-211.79224
266.83118
-172.79224
321.83118
-128.79224
384.83118
-36.79224
382.83118
68.20776
306.83118
103.20776
244.83118
116.20776
206.83118
166.20776
189.83118
226.20776
211.83118
292.20776
269.83118
326.20776
362.83118
376.20776
377.83118
458.20776
361.83118
550.20776
291.83118
592.20776
162.83118
576.20776
75.83118
523.20776
-22.16882
548.20776
-43.16882
608.20776
-71.16882
680.20776
-53.16882
748.20776
16.83118
802.20776
91.83118
838.20776
178.83118
915.20776
158.83118
1006.20776
55.83118
1063.20776
-110.16882
1037.20776
-213.16882
1044.20776
-271.16882
992.20776
-287.16882
934.20776
-276.16882
873.20776
-270.16882
817.20776
-271.16882
747.20776
-276.16882
666.20776
-265.16882
591.20776
-203.16882
509.20776
-146.16882
470.20776
-60.16882
416.20776
-37.16882
335.20776
-87.16882
255.20776
-82.16882
185.20776
-49.16882
98.20776
-43.16882
18.20776
-99.16882
-48.79224
-222.16882
-106.79224
-263.16882
-209.79224
-289.16882
-295.79224
-277.16882
-388.79224
-282.16882
-482.79224
-318.16882
-543.79224
-317.16882
-638.79224
-244.16882
-682.79224
-202.16882
-734.79224
-201.16882
-785.79224
-228.16882
-857.79224
-212.16882
-917.79224
-170.16882
-944.79224
-88.16882
-931.79224
-35.16882
-890.79224
