77
24.83118
-839.79224
112.83118
-867.79224
147.83118
-941.79224
211.83118
-973.79224
280.83118
-945.79224
343.83118
-888.79224
365.72769
-798.20264
378.45560
-726.07776
311.83118
-634.79224
169.83118
-625.79224
73.83118
-573.79224
18.83118
-515.79224
-56.16882
-481.79224
-94.16882
-424.79224
-90.16882
-349.79224
-23.16882
-285.79224
62.83118
-247.79224
131.83118
-231.79224
198.83118
-211.79224
266.83118
-172.79224
321.83118
-128.79224
384.83118
-36.79224
382.83118
68.20776
306.83118
103.20776
244.83118
116.20776
206.83118
166.20776
189.83118
226.20776
173.83118
296.20776
143.83118
341.20776
84.83118
376.20776
48.83118
412.20776
25.83118
450.20776
2.83118
499.20776
-47.16882
544.20776
-63.16882
599.20776
-58.16882
638.20776
-77.16882
702.20776
-92.16882
751.20776
-83.16882
840.20776
13.83118
878.20776
109.83118
911.20776
163.83118
945.20776
158.83118
1006.20776
55.83118
1063.20776
-106.16895
1118.20776
-213.16882
1044.20776
-271.16882
992.20776
-287.16882
934.20776
-276.16882
873.20776
-270.16882
817.20776
-271.16882
747.20776
-276.16882
666.20776
-265.16882
591.20776
-203.16882
509.20776
-170.16882
467.20776
-179.16882
407.20776
-213.16882
365.20776
-235.16882
313.20776
-175.16882
201.20776
-49.16882
98.20776
-43.16882
18.20776
-99.16882
-48.79224
-222.16882
-106.79224
-263.16882
-209.79224
-289.16882
-295.79224
-277.16882
-388.79224
-282.16882
-482.79224
-263.16882
-537.79224
-167.16882
-581.79224
-116.16882
-629.79224
-111.16882
-714.79224
-201.16882
-785.79224
-228.16882
-857.79224
-212.16882
-917.79224
-170.16882
-944.79224
-88.16882
-931.79224
-35.16882
-890.79224
