97
-76.14435
-942.46387
-136.14435
-1014.46387
-256.14435
-1022.46387
-315.14435
-980.46387
-354.14435
-938.46387
-371.14435
-856.46387
-366.14435
-774.46387
-325.14435
-703.46387
-264.14435
-682.46387
-206.14435
-687.46387
-104.14435
-713.46387
-48.14435
-768.46387
-14.14435
-816.46387
43.85565
-849.46387
105.85565
-837.46387
149.85565
-774.46387
151.85565
-720.46387
122.85565
-624.46387
52.85565
-568.46387
-60.14435
-556.46387
-146.14435
-546.46387
-176.14435
-495.46387
-166.14435
-432.46387
-72.14435
-378.46387
1.85565
-362.46387
72.85565
-347.46387
104.85565
-285.46387
70.85565
-236.46387
-16.14435
-202.46387
-98.14435
-197.46387
-211.14435
-182.46387
-271.14435
-147.46387
-315.14435
-95.46387
-339.14435
-28.46387
-332.14435
25.53613
-243.14435
100.53613
-182.14435
160.53613
-176.14435
262.53613
-200.14435
329.53613
-257.14435
370.53613
-302.14435
460.53613
-256.14435
575.53613
-203.14435
605.53613
-149.14435
612.53613
-108.14435
650.53613
-103.14435
705.53613
-137.14435
750.53613
-194.14435
793.53613
-213.14435
885.53613
-158.14435
946.53613
-90.14435
947.53613
13.85565
950.53613
60.85565
1008.53613
55.85565
1058.53613
31.85565
1114.53613
26.85565
1181.53613
58.85565
1241.53613
136.85565
1254.53613
196.85565
1221.53613
261.85565
1179.53613
285.85565
1123.53613
278.85565
1068.53613
263.85565
991.53613
227.85565
902.53613
192.85565
870.53613
145.85565
857.53613
91.85565
824.53613
72.85565
743.53613
118.85565
688.53613
151.85565
632.53613
136.85565
545.53613
72.85565
510.53613
-0.14435
486.53613
-31.14435
417.53613
17.85565
317.53613
124.85565
250.53613
170.85565
170.53613
130.85565
90.53613
73.85565
44.53613
66.85565
-26.46387
122.85565
-75.46387
176.85565
-120.46387
288.85565
-161.46387
298.85565
-262.46387
315.85565
-349.46387
239.85565
-432.46387
235.85565
-511.46387
291.85565
-573.46387
331.85565
-687.46387
305.85565
-838.46387
325.85565
-912.46387
290.85565
-1014.46387
236.85565
-1060.46387
141.85565
-1075.46387
78.85565
-1020.46387
46.85565
-957.46387
-14.14435
-917.46387
