53
-23.96228
-628.84906
-67.96228
-714.84906
-65.96228
-787.84906
-32.96228
-835.84906
6.03772
-858.84906
100.03772
-861.84906
180.03772
-836.84906
209.03772
-787.84906
211.03772
-697.84906
195.03772
-618.84906
220.03772
-552.84906
303.03772
-502.84906
382.03772
-441.84906
383.03772
-367.84906
284.03772
-318.84906
185.03772
-278.84906
144.03772
-218.84906
133.03772
-137.84906
72.03772
-90.84906
-24.96228
-49.84906
-42.96228
13.15094
-54.96228
88.15094
-34.96228
143.15094
18.03772
236.15094
81.03772
269.15094
172.03772
292.15094
260.03772
428.15094
206.03772
565.15094
137.03772
605.15094
48.03772
664.15094
-11.96228
727.15094
-59.96228
763.15094
-108.96228
802.15094
-119.96228
881.15094
-158.96228
934.15094
-248.96228
916.15094
-276.96228
821.15094
-302.96228
707.15094
-255.96228
629.15094
-151.96228
557.15094
-82.96228
467.15094
-116.96228
360.15094
-176.96228
317.15094
-221.96228
286.15094
-283.96228
183.15094
-278.96228
54.15094
-233.96228
-34.84906
-181.96228
-139.84906
-141.96228
-207.84906
-58.96228
-243.84906
-3.96228
-346.84906
-20.96228
-476.84906
-45.96228
-550.84906
