57
-269.36841
-558.64911
-262.36841
-607.64911
-223.36841
-645.64911
-153.36841
-651.64911
-61.36841
-651.64911
10.63159
-621.64911
58.63159
-553.64911
58.63159
-485.64911
27.63159
-446.64911
-43.36841
-413.64911
-96.36841
-381.64911
-110.36841
-330.64911
-94.36841
-295.64911
-61.36841
-262.64911
-28.36841
-237.64911
30.63159
-236.64911
88.63159
-220.64911
157.63159
-206.64911
246.63159
-171.64911
305.63159
-82.64911
300.63159
-25.64911
273.63159
16.35089
209.63159
72.35089
146.63159
99.35089
100.63159
145.35089
105.63159
209.35089
135.63159
263.35089
215.63159
291.35089
273.63159
340.35089
287.63159
430.35089
364.63159
492.35089
376.63159
563.35089
307.63159
625.35089
225.63159
605.35089
84.63159
605.35089
22.63159
668.35089
-79.36841
732.35089
-150.36841
696.35089
-188.36841
613.35089
-172.36841
545.35089
-121.36841
494.35089
-27.36841
486.35089
30.63159
451.35089
19.63159
377.35089
-67.36841
297.35089
-120.36841
212.35089
-111.36841
133.35089
-49.36841
61.35089
-67.36841
-35.64911
-199.36841
-59.64911
-296.36841
-97.64911
-316.36841
-210.64911
-288.36841
-279.64911
-259.36841
-323.64911
-213.36841
-395.64911
-206.36841
-459.64911
-243.36841
-517.64911
