68
-246.29413
-822.70593
-252.29413
-892.70593
-244.29413
-949.70593
-207.29413
-994.70593
-112.29413
-1006.70593
1.70587
-1005.70593
105.70587
-978.70593
195.70587
-923.70593
259.70587
-827.70593
256.70587
-772.70593
240.70587
-717.70593
186.70587
-675.70593
82.70587
-641.70593
-24.29413
-616.70593
-76.29413
-569.70593
-98.29413
-510.70593
-76.29413
-461.70593
-41.29413
-385.70593
38.70587
-348.70593
134.70587
-343.70593
217.70587
-324.70593
280.70587
-212.70593
309.70587
-146.70593
289.70587
-49.70593
225.70587
-20.70593
84.70587
-4.70593
50.70587
65.29407
45.70587
129.29407
97.70587
166.29407
184.70587
198.29407
235.70587
268.29407
312.70587
378.29407
277.70587
457.29407
215.70587
539.29407
153.70587
564.29407
75.70587
585.29407
27.70587
646.29407
-19.29413
689.29407
-27.29413
746.29407
33.70587
845.29407
126.70587
885.29407
190.70587
936.29407
171.70587
1029.29407
78.70587
1078.29407
-26.29413
1051.29407
-146.29413
972.29407
-172.29413
914.29407
-200.29413
819.29407
-222.29413
714.29407
-217.29413
634.29407
-195.29413
561.29407
-173.29413
484.29407
-71.29413
427.29407
-39.29413
381.29407
-61.29413
315.29407
-138.29413
268.29407
-196.29413
219.29407
-225.29413
140.29407
-194.29413
41.29407
-135.29413
-58.70593
-81.29413
-108.70593
-69.29413
-179.70593
-122.29413
-239.70593
-174.29413
-296.70593
-186.29413
-372.70593
-237.29413
-451.70593
-217.29413
-599.70593
-276.29413
-703.70593
