47
90.82977
-361.23407
82.82977
-424.23407
99.82977
-472.23407
176.82977
-513.23407
242.82977
-508.23407
304.82977
-474.23407
338.82977
-422.23407
351.82977
-322.23407
322.82977
-244.23407
234.82977
-190.23407
116.82977
-146.23407
38.82977
-109.23407
17.82977
-46.23407
14.82977
31.76593
98.82977
94.76593
160.82977
153.76593
213.82977
180.76593
270.82977
222.76593
260.82977
326.76593
183.82977
353.76593
68.82977
362.76593
-23.17023
363.76593
-63.17023
469.76593
-40.17023
582.76593
-22.17023
687.76593
-120.17023
743.76593
-271.17023
628.76593
-283.17023
557.76593
-278.17023
488.76593
-267.17023
392.76593
-243.17023
324.76593
-158.17023
268.76593
-121.17023
201.76593
-132.17023
136.76593
-227.17023
48.76593
-250.17023
-49.23407
-257.17023
-120.23407
-212.17023
-182.23407
-198.17023
-249.23407
-220.17023
-306.23407
-210.17023
-379.23407
-157.17023
-433.23407
-83.17023
-429.23407
-53.17023
-376.23407
-35.17023
-317.23407
11.82977
-283.23407
75.82977
-306.23407
