63
-28.90479
-666.79370
-9.90479
-600.79370
-17.90479
-521.79370
-60.90479
-474.79370
-125.90479
-452.79370
-179.90479
-398.79370
-166.90479
-311.79370
-136.90479
-255.79370
-99.90479
-200.79370
-103.90479
-129.79370
-143.90479
-87.79370
-199.90479
-48.79370
-250.90479
7.20630
-298.90479
101.20630
-277.90479
192.20630
-259.90479
244.20630
-211.90479
284.20630
-117.90479
310.20630
-78.90479
414.20630
-56.90479
490.20630
-70.90479
558.20630
-146.90479
602.20630
-212.90479
667.20630
-231.90479
737.20630
-213.90479
801.20630
-178.90479
837.20630
-95.90479
829.20630
-25.90479
825.20630
38.09521
816.20630
123.09521
789.20630
172.09521
748.20630
171.09521
683.20630
177.09521
624.20630
149.09521
579.20630
98.09521
546.20630
65.09521
480.20630
94.09521
416.20630
195.09521
361.20630
243.09521
293.20630
203.09521
225.20630
125.09521
202.20630
28.09521
171.20630
7.09521
100.20630
29.09521
33.20630
99.09521
-17.79370
190.09521
-61.79370
205.09521
-156.79370
183.09521
-218.79370
192.09521
-326.79370
230.09521
-384.79370
284.09521
-413.79370
321.09521
-484.79370
304.09521
-568.79370
205.09521
-647.79370
141.09521
-718.79370
164.09521
-825.79370
137.09521
-906.79370
60.09521
-924.79370
-37.90479
-914.79370
-125.90479
-880.79370
-168.90479
-802.79370
-158.90479
-747.79370
-98.90479
-708.79370
