62
-58.54840
-609.37097
-92.54840
-678.37097
-102.54840
-744.37097
-80.54840
-785.37097
-21.54840
-808.37097
90.45160
-782.37097
183.45160
-716.37097
212.45160
-643.37097
195.45160
-581.37097
146.45160
-531.37097
56.45160
-478.37097
-13.54840
-426.37097
-27.54840
-360.37097
16.45160
-269.37097
124.45160
-241.37097
208.45160
-199.37097
319.45160
-93.37097
335.45160
-10.37097
289.45160
37.62903
215.45160
51.62903
144.45160
57.62903
95.45160
93.62903
84.45160
165.62903
110.45160
226.62903
153.45160
289.62903
199.45160
363.62903
167.45160
456.62903
118.45160
480.62903
47.45160
512.62903
27.45160
586.62903
88.45160
649.62903
156.45160
691.62903
175.45160
746.62903
135.45160
822.62903
42.45160
822.62903
-35.54840
810.62903
-70.54840
766.62903
-102.54840
700.62903
-103.54840
643.62903
-153.54840
588.62903
-197.54840
548.62903
-201.54840
483.62903
-157.54840
429.62903
-95.54840
380.62903
-88.54840
298.62903
-64.54840
223.62903
-86.54840
174.62903
-104.54840
138.62903
-117.54840
49.62903
-84.54840
-11.37097
-67.54840
-68.37097
-108.54840
-120.37097
-163.54840
-161.37097
-222.54840
-209.37097
-256.54840
-274.37097
-269.54840
-347.37097
-268.54840
-429.37097
-247.54840
-468.37097
-186.54840
-488.37097
-109.54840
-496.37097
-67.54840
-534.37097
-54.54840
-567.37097
