55
-50.14545
-606.65454
-166.14545
-706.65454
-250.14545
-678.65454
-274.14545
-628.65454
-292.14545
-587.65454
-270.14545
-518.65454
-212.14545
-456.65454
-137.14545
-415.65454
-68.14545
-371.65454
-33.14545
-297.65454
-73.14545
-249.65454
-156.14545
-237.65454
-212.14545
-181.65454
-193.14545
-102.65454
-113.14545
-59.65454
-66.14545
24.34546
-70.14545
109.34546
-114.14545
158.34546
-203.14545
177.34546
-305.14545
240.34546
-301.14545
329.34546
-240.14545
391.34546
-133.14545
428.34546
-19.53024
486.06479
-1.85257
606.27295
-43.57187
683.34760
-110.74702
755.47247
-109.33281
821.94055
-3.26679
894.77252
133.85455
878.34546
247.85455
821.34546
257.85455
719.34546
232.85455
612.34546
170.85455
508.34546
115.85455
414.34546
53.85455
343.34546
45.85455
262.34546
70.97942
183.42308
70.97942
116.24794
106.85455
61.34546
183.85455
33.34546
302.85455
-15.65454
353.85455
-80.65454
333.85455
-146.65454
271.85455
-182.65454
131.85455
-216.65454
79.85455
-274.65454
112.85455
-336.65454
200.85455
-353.65454
253.85455
-396.65454
299.85455
-465.65454
275.85455
-524.65454
189.85455
-589.65454
92.85455
-556.65454
8.85455
-549.65454
