51
-102.21570
-359.76471
-157.21570
-396.76471
-202.21570
-473.76471
-200.21570
-524.76471
-175.21570
-573.76471
-123.21570
-594.76471
-32.21570
-598.76471
44.78430
-592.76471
87.78430
-564.76471
117.78430
-506.76471
137.78430
-433.76471
129.78430
-394.76471
108.78430
-326.76471
64.78430
-262.76471
65.78430
-208.76471
93.78430
-156.76471
123.78430
-136.76471
175.78430
-111.76471
222.78430
-90.76471
269.78430
-31.76471
243.78430
71.23529
133.78430
97.23529
71.78430
157.23529
3.78430
188.23529
-26.21570
240.23529
-0.21570
333.23529
92.78430
380.23529
230.78430
409.23529
244.78430
544.23529
269.78430
632.23529
178.78430
707.23529
96.78430
745.23529
-25.21570
711.23529
-36.21570
613.23529
-24.21570
555.23529
-53.21570
499.23529
-102.21570
473.23529
-151.21570
425.23529
-179.21570
345.23529
-201.21570
288.23529
-235.21570
187.23529
-192.21570
82.23529
-113.21570
51.23529
-67.21570
5.23529
-81.21570
-59.76471
-142.21570
-102.76471
-172.21570
-156.76471
-153.21570
-202.76471
-105.21570
-232.76471
-70.21570
-264.76471
-61.21570
-314.76471
