61
-59.55737
-993.29504
19.44263
-1007.29504
127.44263
-1005.29504
212.44263
-993.29504
262.44263
-946.29504
259.44263
-894.29504
256.44263
-834.29504
224.44263
-803.29504
157.44263
-790.29504
114.44263
-752.29504
118.44263
-693.29504
143.44263
-618.29504
132.44263
-522.29504
64.44263
-488.29504
-42.55737
-471.29504
-89.55737
-431.29504
-112.55737
-397.29504
-100.55737
-330.29504
-87.55737
-185.29504
-12.55737
-67.29504
119.44263
-79.29504
172.44263
-91.29504
255.44263
-94.29504
322.44263
-32.29504
353.44263
95.70496
292.44263
168.70496
164.44263
233.70496
135.44263
365.70496
103.44263
448.70496
101.44263
516.70496
65.44263
583.70496
-34.55737
688.70496
-10.55737
810.70496
27.44263
927.70496
42.44263
1077.70496
27.44263
1179.70496
-24.55737
1225.70496
-137.55737
1209.70496
-183.55737
1154.70496
-187.55737
1059.70496
-181.55737
960.70496
-160.55737
897.70496
-165.55737
836.70496
-170.55737
772.70496
-210.55737
687.70496
-193.55737
579.70496
-124.55737
461.70496
-52.55737
372.70496
-25.55737
319.70496
29.44263
198.70496
-6.55737
104.70496
-151.55737
45.70496
-198.55737
-31.29504
-252.55737
-171.29504
-249.55737
-295.29504
-236.55737
-410.29504
-217.55737
-481.29504
-148.55737
-555.29504
-180.55737
-673.29504
-115.55737
-815.29504
-87.55737
-924.29504
