68
-42.79413
-856.92651
-48.79413
-929.92651
-18.79413
-1013.92651
55.20587
-1057.92651
127.20587
-1053.92651
195.20587
-1030.92651
231.20587
-979.92651
250.20587
-913.92651
256.20587
-853.92651
240.20587
-788.92651
197.20587
-715.92651
125.20587
-667.92651
31.20587
-613.92651
-31.79413
-536.92651
-34.79413
-436.92651
-2.79413
-374.92651
35.20587
-272.92651
113.20587
-262.92651
196.20587
-253.92651
254.20587
-207.92651
301.20587
-110.92651
299.20587
-50.92651
248.20587
2.07349
137.20587
16.07349
70.20587
147.07349
-8.79413
218.07349
5.20587
308.07349
35.20587
376.07349
111.20587
469.07349
217.20587
496.07349
337.20587
531.07349
394.20587
731.07349
368.20587
814.07349
279.20587
860.07349
135.20587
849.07349
66.20587
900.07349
4.20587
966.07349
-100.79413
1021.07349
-259.79413
1039.07349
-322.79413
975.07349
-323.79413
895.07349
-268.79413
840.07349
-181.79413
812.07349
-94.79413
780.07349
23.20587
753.07349
65.20587
700.07349
56.20587
644.07349
-9.79413
609.07349
-71.79413
591.07349
-128.79413
575.07349
-210.79413
490.07349
-246.79413
425.07349
-251.79413
294.07349
-228.79413
189.07349
-173.79413
128.07349
-79.79413
49.07349
-33.79413
-48.92651
-51.79413
-113.92651
-167.79413
-152.92651
-218.79413
-225.92651
-302.79413
-328.92651
-308.79413
-445.92651
-254.79413
-524.92651
-240.79413
-610.92651
-283.79413
-697.92651
-251.79413
-782.92651
-158.79413
-789.92651
-81.79413
-798.92651
