59
99.50848
-406.40680
102.50848
-468.40680
104.50848
-517.40680
129.50848
-559.40680
201.50848
-598.40680
300.50848
-603.40680
369.50848
-582.40680
405.50848
-520.40680
406.50848
-458.40680
410.50848
-378.40680
328.50848
-314.40680
222.50848
-279.40680
146.50848
-236.40680
97.50848
-186.40680
100.50848
-126.40680
135.50848
-63.40680
245.50848
-19.40680
339.50848
43.59320
296.50848
156.59320
158.50848
161.59320
9.50848
107.59320
-86.49152
181.59320
-116.49152
244.59320
-111.49152
320.59320
-86.49152
389.59320
-20.49152
429.59320
52.50848
450.59320
213.50848
549.59320
244.50848
624.59320
173.50848
734.59320
17.50848
741.59320
-53.49152
715.59320
-87.49152
669.59320
-138.49152
616.59320
-176.49152
549.59320
-195.49152
499.59320
-223.49152
464.59320
-265.49152
423.59320
-305.49152
368.59320
-326.49152
303.59320
-320.49152
250.59320
-313.49152
190.59320
-264.49152
94.59320
-189.49152
46.59320
-132.49152
25.59320
-92.49152
-24.40680
-100.49152
-87.40680
-145.49152
-156.40680
-173.49152
-216.40680
-220.49152
-258.40680
-261.49152
-310.40680
-267.49152
-387.40680
-244.49152
-428.40680
-195.49152
-443.40680
-138.49152
-419.40680
-103.49152
-351.40680
-64.49152
-324.40680
27.50848
-307.40680
93.50848
-342.40680
