60
-148.22311
-833.89679
-244.38965
-833.18964
-271.25970
-795.71301
-257.82468
-753.99371
-205.49876
-727.12366
-147.51601
-708.03174
-117.81753
-662.06982
-138.45001
-592.20001
-159.45001
-517.20001
-193.45001
-474.20001
-224.45001
-400.20001
-223.45001
-348.20001
-222.45001
-277.20001
-268.45001
-228.20001
-336.45001
-171.20001
-361.45001
-93.20001
-352.45001
-48.20001
-310.45001
-2.20001
-229.45001
30.79999
-136.45001
28.79999
-70.45001
109.79999
-55.45001
197.79999
-81.45001
264.79999
-68.54187
357.39435
1.54999
389.79999
61.54999
397.79999
115.54999
451.79999
130.54999
592.79999
147.45813
673.39435
99.54999
724.79999
45.54999
786.79999
51.54999
849.79999
156.54999
896.79999
217.54999
894.79999
273.54999
832.79999
300.54999
773.79999
324.54999
710.79999
337.54999
630.79999
310.54999
576.79999
280.54999
473.79999
291.54999
397.79999
313.54999
351.79999
316.54999
269.79999
229.54999
191.79999
199.54999
135.79999
146.54999
57.79999
149.54999
8.79999
157.69069
-54.30117
124.54999
-102.20001
72.54999
-131.20001
12.54999
-171.20001
-21.45001
-226.20001
-7.15710
-275.09094
25.54999
-317.20001
45.54999
-392.20001
141.69067
-489.53577
109.54999
-611.20001
53.30232
-676.21198
46.54999
-761.20001
-16.45001
-809.20001
