52
-14.63464
-540.71155
-20.63464
-641.71155
13.36536
-705.71155
92.36536
-733.71155
179.36536
-745.71155
237.36536
-731.71155
285.36536
-701.71155
309.36536
-637.71155
317.36536
-558.71155
299.36536
-504.71155
263.36536
-455.71155
197.36536
-397.71155
133.36536
-346.71155
46.36536
-298.71155
18.36536
-213.71155
24.36536
-131.71155
110.36536
-62.71155
192.36536
-27.71155
243.36536
34.28845
304.36536
107.28845
300.36536
229.28845
202.36536
300.28845
-17.63464
299.28845
-67.63464
363.28845
-82.63464
437.28845
31.36536
551.28845
107.36536
617.28845
140.36536
728.28845
82.36536
791.28845
-59.63464
805.28845
-190.63464
766.28845
-269.63464
731.28845
-311.63464
633.28845
-292.63464
570.28845
-238.63464
500.28845
-211.63464
424.28845
-210.63464
368.28845
-254.63464
313.28845
-273.63464
237.28845
-227.63464
195.28845
-156.63464
175.28845
-71.63464
182.28845
-11.63464
154.28845
-10.63464
83.28845
-81.63464
34.28845
-175.63464
-59.71155
-192.63464
-177.71155
-201.63464
-271.71155
-220.63464
-344.71155
-172.63464
-402.71155
-81.63464
-404.71155
-9.63464
-452.71155
