58
-177.17242
-647.34485
-163.17242
-715.34485
-110.17242
-747.34485
-36.17242
-756.34485
19.82758
-734.34485
74.82758
-711.34485
102.82758
-658.34485
90.82758
-602.34485
46.82758
-559.34485
22.82758
-506.34485
39.82758
-446.34485
73.82758
-410.34485
163.82758
-375.34485
238.82758
-321.34485
247.82758
-242.34485
267.82758
-184.34485
274.82758
-102.34485
257.82758
-43.34485
200.82758
-16.34485
127.82758
31.65515
120.82758
117.65515
157.82758
182.65515
248.82758
278.65515
222.82758
375.65515
167.82758
423.65515
77.82758
417.65515
12.82758
408.65515
-41.17242
448.65515
-38.17242
507.65515
-13.17242
566.65515
57.82758
599.65515
101.82758
667.65515
81.82758
732.65515
-30.17242
768.65515
-89.17242
752.65515
-155.17242
686.65515
-195.17242
609.65515
-228.17242
541.65515
-211.17242
476.65515
-162.17242
411.65515
-99.17242
368.65515
-81.17242
299.65515
-94.17242
233.65515
-131.17242
179.65515
-174.17242
152.65515
-218.17242
103.65515
-207.17242
38.65515
-152.17242
12.65515
-79.17242
22.65515
3.82758
-30.34485
6.82758
-116.34485
3.82758
-185.34485
-49.17242
-228.34485
-105.17242
-253.34485
-161.17242
-332.34485
-158.17242
-421.34485
-101.17242
-518.34485
-124.17242
-573.34485
