57
-16.31580
-604.75439
-158.31580
-561.75439
-192.31580
-479.75439
-182.31580
-401.75439
-143.31580
-309.75439
-50.31580
-249.75439
8.68420
-257.75439
89.68420
-275.75439
161.68420
-321.75439
230.68420
-355.75439
302.68420
-306.75439
318.68420
-222.75439
285.68420
-115.75439
237.68420
-84.75439
146.68420
-66.75439
69.68420
-46.75439
40.68420
4.24561
52.68420
105.24561
116.68420
174.24561
206.68420
160.24561
291.68420
111.24561
347.68420
126.24561
385.68420
209.24561
373.68420
306.24561
313.68420
356.24561
235.68420
382.24561
155.68420
395.24561
58.68420
412.24561
27.68420
573.24561
83.68420
667.24561
93.68420
761.24561
9.68420
826.24561
-139.31580
796.24561
-175.31580
741.24561
-204.31580
626.24561
-161.31580
523.24561
-127.31580
429.24561
-75.31580
366.24561
-29.31580
306.24561
-51.31580
232.24561
-124.31580
203.24561
-178.31580
166.24561
-175.31580
75.24561
-158.31580
19.24561
-96.31580
-33.75439
-58.31580
-87.75439
-88.31580
-151.75439
-169.31580
-170.75439
-240.31580
-215.75439
-277.31580
-290.75439
-319.31580
-406.75439
-305.31580
-494.75439
-293.31580
-581.75439
-256.31580
-634.75439
-192.31580
-728.75439
-90.31580
-744.75439
-3.31580
-711.75439
