63
-125.98413
-510.52380
-111.98413
-561.52380
-89.98413
-604.52380
-49.98413
-629.52380
7.01587
-647.52380
66.01587
-639.52380
134.01587
-607.52380
180.01587
-562.52380
181.01587
-505.52380
146.01587
-450.52380
87.01587
-411.52380
24.01587
-344.52380
-18.98413
-280.52380
-20.98413
-216.52380
-15.98413
-152.52380
19.01587
-120.52380
63.01587
-94.52380
119.01587
-55.52380
173.01587
10.47620
248.01587
15.47620
318.01587
23.47620
352.01587
64.47620
344.01587
159.47620
268.01587
192.47620
192.01587
224.47620
167.01587
266.47620
159.01587
301.47620
179.01587
357.47620
218.01587
406.47620
281.01587
450.47620
296.01587
507.47620
248.01587
559.47620
113.01587
526.47620
67.01587
440.47620
40.01587
349.47620
-21.98413
313.47620
-68.98413
334.47620
-87.98413
379.47620
-117.98413
439.47620
-154.98413
475.47620
-198.98413
496.47620
-243.98413
482.47620
-280.98413
417.47620
-287.98413
365.47620
-265.98413
287.47620
-239.98413
242.47620
-169.98413
219.47620
-108.98413
203.47620
-16.98413
187.47620
31.01587
151.47620
35.01587
92.47620
0.01587
30.47620
-106.98413
14.47620
-167.98413
-4.52380
-234.98413
-57.52380
-223.98413
-149.52380
-201.98413
-205.52380
-194.98413
-258.52380
-211.98413
-305.52380
-246.98413
-339.52380
-261.98413
-401.52380
-222.98413
-450.52380
-166.98413
-473.52380
