42
-101.90479
-361.54761
-82.90479
-433.54761
-29.90479
-497.54761
34.09521
-519.54761
129.09521
-514.54761
210.09521
-480.54761
268.09521
-439.54761
286.09521
-378.54761
274.09521
-330.54761
212.09521
-285.54761
119.09521
-244.54761
66.09521
-185.54761
57.09521
-114.54761
69.09521
-37.54761
158.09521
-1.54761
265.09521
15.45239
339.09521
98.45239
316.09521
155.45239
205.09521
192.45239
127.09521
167.45239
50.09521
128.45239
-4.90479
153.45239
-33.90479
218.45239
-83.90479
264.45239
-90.90479
346.45239
-52.90479
428.45239
-56.90479
496.45239
-95.90479
583.45239
-191.90479
602.45239
-233.90479
556.45239
-268.90479
510.45239
-278.90479
439.45239
-254.90479
315.45239
-217.90479
220.45239
-158.90479
140.45239
-107.90479
43.45239
-94.90479
-85.54761
-93.90479
-147.54761
-128.90479
-191.54761
-169.90479
-226.54761
-181.90479
-279.54761
-155.90479
-321.54761
