43
-177.00000
-430.04651
-226.00000
-524.04651
-217.00000
-636.04651
-141.00000
-694.04651
-27.00000
-705.04651
63.00000
-677.04651
122.00000
-629.04651
163.00000
-541.04651
150.00000
-481.04651
112.00000
-391.04651
22.00000
-342.04651
-34.00000
-292.04651
-31.00000
-221.04651
23.00000
-159.04651
111.00000
-117.04651
214.00000
-106.04651
315.00000
11.95349
288.00000
101.95349
235.00000
152.95349
160.00000
177.95349
125.00000
243.95349
45.00000
300.95349
1.00000
410.95349
94.00000
534.95349
225.00000
556.95349
338.00000
617.95349
355.00000
731.95349
229.00000
810.95349
72.00000
783.95349
-72.00000
719.95349
-120.00000
617.95349
-145.00000
514.95349
-186.00000
403.95349
-194.00000
300.95349
-175.00000
173.95349
-97.00000
26.95349
-173.00000
-55.04651
-283.00000
-89.04651
-321.00000
-153.04651
-327.00000
-218.04651
-276.00000
-261.04651
-195.00000
-270.04651
-148.00000
-325.04651
