47
-74.61700
-425.95746
-86.61700
-505.95746
-58.61700
-575.95746
-18.61700
-613.95746
62.38300
-636.95746
162.38300
-633.95746
239.38300
-591.95746
266.38300
-528.95746
275.38300
-460.95746
259.38300
-408.95746
201.38300
-373.95746
134.38300
-287.95746
115.38300
-214.95746
106.38300
-141.95746
161.38300
-86.95746
269.38300
-33.95746
265.38300
76.04254
240.38300
150.04254
168.38300
171.04254
80.38300
171.04254
36.38300
229.04254
83.38300
310.04254
151.38300
384.04254
149.38300
467.04254
86.38300
493.04254
-4.61700
486.04254
-84.61700
487.04254
-125.61700
539.04254
-176.61700
613.04254
-274.61700
653.04254
-380.61700
603.04254
-389.61700
530.04254
-312.61700
461.04254
-229.61700
413.04254
-160.61700
343.04254
-155.61700
266.04254
-114.61700
195.04254
-84.61700
134.04254
-44.61700
68.04254
-46.61700
13.04254
-104.61700
-42.95746
-165.61700
-139.95746
-176.61700
-211.95746
-112.61700
-258.95746
-42.61700
-269.95746
-0.61700
-320.95746
-22.61700
-378.95746
