56
70.39288
-962.55359
190.39288
-996.55359
260.39288
-929.55359
260.39288
-818.55359
76.39288
-770.55359
-40.60712
-699.55359
-67.60712
-600.55359
89.39288
-501.55359
202.39288
-545.55359
308.39288
-535.55359
320.39288
-428.55359
190.39288
-337.55359
106.39288
-319.55359
59.39288
-250.55359
-24.60712
-216.55359
-60.60712
-121.55359
-37.60712
-72.55359
35.39288
3.44641
184.39288
70.44641
277.39288
215.44641
262.39288
372.44641
152.39288
413.44641
113.39288
507.44641
-1.60712
592.44641
-7.60712
681.44641
124.39288
860.44641
251.39288
877.44641
311.39288
979.44641
248.39288
1062.44641
148.39288
1141.44641
-31.60712
1155.44641
-87.60712
1096.44641
-68.60712
1006.44641
-61.60712
917.44641
-138.60712
855.44641
-211.60712
776.44641
-213.60712
700.44641
-218.60712
617.44641
-184.60712
488.44641
-92.60712
409.44641
-28.60712
243.44641
-109.60712
151.44641
-167.60712
59.44641
-225.60712
-50.55359
-206.60712
-179.55359
-84.60712
-282.55359
-29.60712
-355.55359
-84.60712
-432.55359
-188.60712
-458.55359
-232.60712
-548.55359
-267.60712
-638.55359
-264.60712
-712.55359
-251.60712
-752.55359
-231.60712
-793.55359
-181.60712
-891.55359
-24.60712
-965.55359
