48
-179.18750
-488.00000
-157.18750
-559.00000
-106.18750
-596.00000
27.81250
-615.00000
118.81250
-578.00000
175.81250
-544.00000
212.81250
-480.00000
205.81250
-405.00000
126.81250
-355.00000
27.81250
-309.00000
-24.18750
-242.00000
-31.18750
-167.00000
22.81250
-88.00000
121.81250
-50.00000
207.81250
-68.00000
298.81250
-54.00000
354.81250
72.00000
304.81250
119.00000
159.81250
68.00000
80.81250
47.00000
27.81250
77.00000
1.81250
130.00000
-1.18750
190.00000
89.81250
297.00000
227.81250
307.00000
266.81250
381.00000
181.81250
457.00000
50.81250
420.00000
-32.18750
498.00000
-112.18750
548.00000
-227.18750
557.00000
-267.18750
511.00000
-268.18750
445.00000
-186.18750
404.00000
-104.18750
395.00000
-67.18750
346.00000
-86.18750
289.00000
-128.18750
250.00000
-149.18750
189.00000
-129.18750
130.00000
-88.18750
52.00000
-100.18750
-14.00000
-148.18750
-95.00000
-185.18750
-141.00000
-190.18750
-207.00000
-139.18750
-273.00000
-92.18750
-350.00000
-135.18750
-420.00000
