57
-1.49121
-692.73682
0.50879
-769.73682
37.50879
-817.73682
117.50879
-826.73682
215.50879
-823.73682
309.50879
-786.73682
349.50879
-696.73682
348.50879
-622.73682
285.50879
-564.73682
173.50879
-523.73682
106.50879
-465.73682
43.50879
-426.73682
26.50879
-345.73682
44.50879
-275.73682
92.50879
-193.73682
201.50879
-155.73682
328.50879
-127.73682
378.50879
-61.73682
361.50879
30.26318
321.50879
92.26318
226.50879
101.26318
96.50879
115.26318
-31.49121
137.26318
-92.49121
246.26318
-92.49121
317.26318
-58.49121
364.26318
47.50879
409.26318
88.50879
482.26318
41.50879
566.26318
-5.49121
607.26318
-58.49121
690.26318
-39.49121
783.26318
-2.49121
888.26318
-72.49121
960.26318
-194.49121
934.26318
-255.49121
862.26318
-270.49121
767.26318
-259.49121
688.26318
-200.49121
630.26318
-169.49121
551.26318
-189.49121
460.26318
-245.49121
409.26318
-256.49121
329.26318
-272.49121
224.26318
-254.49121
152.26318
-168.49121
52.26318
-98.49121
-3.73682
-47.49121
-53.73682
-77.49121
-144.73682
-139.49121
-186.73682
-197.49121
-271.73682
-220.49121
-366.73682
-188.49121
-457.73682
-83.49121
-498.73682
-21.49121
-533.73682
26.50879
-572.73682
30.50879
-636.73682
