55
112.54547
-621.81818
179.54547
-673.81818
260.54547
-693.81818
361.54547
-668.81818
389.54547
-617.81818
395.54547
-529.81818
342.54547
-477.81818
215.54547
-434.81818
107.54547
-405.81818
23.54547
-348.81818
-9.45453
-254.81818
8.54547
-191.81818
42.54547
-142.81818
153.54547
-74.81818
223.54547
-72.81818
282.54547
-12.81818
263.54547
44.18182
200.54547
93.18182
69.54547
103.18182
8.54547
68.18182
-59.45453
39.18182
-125.45453
73.18182
-144.45453
143.18182
-139.45453
206.18182
-103.45453
300.18182
-7.45453
317.18182
63.54547
321.18182
114.54547
384.18182
138.54547
499.18182
77.54547
623.18182
48.54547
711.18182
-7.45453
773.18182
-60.45453
770.18182
-89.45453
727.18182
-95.45453
656.18182
-78.45453
580.18182
-91.45453
501.18182
-122.45453
474.18182
-158.45453
448.18182
-241.45453
400.18182
-289.45453
318.18182
-279.45453
247.18182
-286.45453
152.18182
-294.45453
67.18182
-265.45453
-3.81818
-191.45453
-40.81818
-145.45453
-97.81818
-153.45453
-162.81818
-199.45453
-239.81818
-165.45453
-366.81818
-80.45453
-465.81818
-103.45453
-563.81818
-83.45453
-625.81818
-16.45453
-652.81818
44.54547
-624.81818
