60
3.21667
-861.36670
-75.78333
-833.36670
-129.78333
-775.36664
-147.78333
-665.36664
-98.78333
-568.36664
26.21667
-545.36664
104.21667
-486.36664
108.21667
-388.36664
70.21667
-329.36664
-28.78333
-309.36664
-146.78333
-293.36664
-213.78333
-189.36664
-254.78333
-108.36664
-236.78333
-10.36664
-195.78333
53.63336
-105.78333
93.63336
-68.78333
213.63330
-87.78333
320.63330
-158.78333
357.63336
-267.78333
358.63336
-350.78333
392.63336
-372.78333
470.63336
-297.78333
562.63336
-202.78333
642.63336
-120.78333
759.63336
-116.78333
849.63336
-51.78333
928.63336
26.21667
921.63336
73.21667
846.63336
87.21667
789.63336
66.21667
740.63336
33.21667
680.63336
-25.78333
631.63336
-71.78333
590.63336
-82.78333
552.63336
-69.78333
514.63336
-49.78333
466.63330
-2.78333
441.63336
67.21667
394.63330
86.21667
317.63336
104.21667
242.63330
56.21667
174.63336
25.21667
103.63336
42.21667
38.63336
87.21667
-11.36664
100.21667
-69.36664
92.21667
-141.36664
133.21667
-211.36664
191.21667
-259.36664
251.21667
-295.36664
276.21667
-382.36664
260.21667
-471.36664
285.21667
-542.36670
258.21667
-624.36670
269.21667
-697.36664
283.21667
-778.36670
240.21667
-841.36664
195.21667
-915.36664
108.21667
-957.36664
50.21667
-922.36664
