62
144.27417
-790.83868
76.27417
-744.83868
-3.72583
-726.83868
-39.72583
-653.83868
-5.72583
-587.83868
17.27417
-515.83868
17.27417
-434.83868
-35.72583
-395.83868
-123.72583
-388.83868
-203.72583
-364.83868
-233.72583
-332.83868
-260.72583
-278.83868
-236.72583
-198.83868
-168.72583
-144.83868
-111.72583
-98.83868
-49.72583
-33.83868
-29.72583
55.16132
-66.72583
108.16132
-149.72583
147.16132
-178.72583
236.16132
-263.72583
288.16132
-279.72583
364.16132
-247.72583
430.16132
-180.72583
464.16132
-136.72583
560.16132
-141.72583
626.16132
-195.72583
690.16132
-238.72583
739.16132
-227.72583
828.16132
-146.72583
879.16132
-56.72583
886.16132
16.27417
860.16132
39.27417
816.16132
25.27417
738.16132
-3.72583
649.16132
20.27417
578.16132
67.27417
523.16132
63.27417
446.16132
-7.72583
387.16132
-26.72583
342.16132
-4.72583
290.16132
32.27417
254.16132
94.27417
235.16132
152.27417
203.16132
172.27417
146.16132
162.27417
49.16132
187.27417
-16.83868
162.27417
-78.83868
116.27417
-140.83868
52.27417
-175.83868
29.27417
-254.83868
67.27417
-303.83868
122.27417
-345.83868
205.27417
-372.83868
249.27417
-439.83868
289.27417
-512.83868
291.27417
-577.83868
257.27417
-640.83868
276.27417
-717.83868
296.27417
-783.83868
264.27417
-838.83868
191.27417
-836.83868
