67
55.50745
-919.46265
29.50745
-870.46265
-0.49255
-797.46265
22.50745
-724.46265
133.50745
-673.46265
237.50745
-680.46265
342.50745
-644.46265
382.50745
-534.46265
359.50745
-441.46265
242.50745
-422.46265
147.50745
-439.46265
77.50745
-387.46265
61.50745
-324.46265
36.50745
-225.46265
0.50745
-138.46265
29.50745
-61.46265
119.50745
-10.46265
216.50745
52.53735
288.50745
142.53735
259.50745
210.53735
226.50745
291.53735
68.50745
320.53735
36.50745
398.53735
50.50745
475.53735
160.50745
537.53735
189.50745
598.53735
247.50745
703.53735
212.50745
786.53735
120.50745
808.53735
27.50745
817.53735
-29.49255
873.53735
-63.49255
966.53735
-150.49255
986.53735
-232.49255
951.53735
-281.49255
879.53735
-263.49255
812.53735
-195.49255
738.53735
-99.49255
703.53735
-34.49255
671.53735
-14.49255
614.53735
-46.49255
566.53735
-106.49255
526.53735
-147.49255
458.53735
-165.49255
392.53735
-140.49255
306.53735
-92.49255
242.53735
-1.49255
214.53735
26.50745
156.53735
-6.49255
89.53735
-67.49255
60.53735
-130.49255
36.53735
-162.49255
-23.46265
-187.49255
-91.46265
-204.49255
-193.46265
-165.49255
-265.46265
-108.49255
-324.46265
-62.49255
-407.46265
-36.49255
-491.46265
-81.49255
-572.46265
-187.49255
-600.46265
-222.49255
-661.46265
-242.49255
-765.46265
-237.49255
-840.46265
-200.49255
-929.46265
-108.49255
-992.46265
4.50745
-1017.46265
54.50745
-977.46265
