49
-103.00000
-594.53064
-49.00000
-697.53064
62.00000
-733.53064
180.00000
-727.53064
234.00000
-680.53064
260.00000
-597.53064
241.00000
-491.53064
156.00000
-422.53064
64.00000
-383.53064
11.00000
-328.53064
-23.00000
-266.53064
-18.00000
-202.53064
23.00000
-139.53064
156.00000
-113.53064
221.00000
-71.53064
271.00000
35.46936
309.00000
118.46936
281.00000
187.46936
233.00000
225.46936
117.00000
251.46936
44.00000
320.46936
-3.00000
373.46936
-5.00000
438.46936
68.00000
491.46936
201.00000
527.46936
211.00000
618.46936
113.00000
667.46936
19.00000
655.46936
-41.00000
594.46936
-101.00000
581.46936
-180.00000
608.46936
-240.00000
604.46936
-270.00000
532.46936
-252.00000
444.46936
-162.00000
337.46936
-116.00000
283.46936
-28.00000
230.46936
27.00000
172.46936
27.00000
103.46936
-45.00000
51.46936
-178.00000
15.46936
-192.00000
-77.53064
-232.00000
-198.53064
-175.00000
-268.53064
-113.00000
-362.53064
-149.00000
-425.53064
-281.00000
-462.53064
-294.00000
-528.53064
-229.00000
-577.53064
