62
16.50000
-937.37097
-6.50000
-1008.37097
38.50000
-1075.37097
137.50000
-1085.37097
241.50000
-1006.37097
299.50000
-889.37097
280.50000
-826.37097
199.50000
-759.37097
87.50000
-708.37097
69.50000
-630.37097
81.50000
-559.37097
119.50000
-489.37097
238.50000
-437.37097
300.50000
-331.37097
307.50000
-239.37097
241.50000
-160.37097
103.50000
-118.37097
5.50000
-63.37097
-27.50000
1.62903
-19.50000
119.62903
63.50000
174.62903
158.50000
221.62903
185.50000
331.62903
123.50000
404.62903
77.50000
517.62903
13.50000
588.62903
17.50000
666.62903
67.50000
735.62903
168.50000
779.62903
184.50000
918.62903
199.50000
999.62903
103.50000
1110.62903
-3.50000
1075.62903
-147.50000
1042.62903
-166.50000
977.62903
-161.50000
909.62903
-152.50000
859.62903
-171.50000
803.62903
-219.50000
764.62903
-235.50000
711.62903
-214.50000
597.62903
-131.50000
519.62903
-87.50000
456.62903
-115.50000
376.62903
-184.50000
349.62903
-239.50000
276.62903
-243.50000
172.62903
-215.50000
90.62903
-255.50000
9.62903
-223.50000
-83.37097
-173.50000
-155.37097
-41.50000
-188.37097
-29.50000
-260.37097
-71.50000
-321.37097
-75.50000
-416.37097
-139.50000
-472.37097
-138.50000
-569.37097
-148.50000
-658.37097
-113.50000
-709.37097
-58.50000
-737.37097
1.50000
-781.37097
20.50000
-856.37097
