53
-14.86792
-876.86792
-148.86792
-830.86792
-223.86792
-747.86792
-230.86792
-656.86792
-188.86792
-541.86792
-68.86792
-483.86792
-55.86792
-414.86792
-108.86792
-331.86792
-219.86792
-319.86792
-299.86792
-213.86792
-297.86792
-113.86792
-346.86792
-46.86792
-342.86792
27.13208
-302.86792
96.13208
-238.86792
125.13208
-120.86792
206.13208
-13.86792
265.13208
-21.86792
357.13208
-75.86792
461.13208
-144.86792
528.13208
-144.86792
618.13208
-62.86792
681.13208
-11.86792
718.13208
5.13208
791.13208
17.13208
891.13208
114.13208
946.13208
181.13208
897.13208
246.13208
787.13208
246.13208
717.13208
202.13208
658.13208
131.13208
607.13208
110.13208
547.13208
138.13208
464.13208
182.13208
357.13208
183.13208
290.13208
168.13208
198.13208
140.13208
156.13208
97.13208
126.13208
20.13208
60.13208
3.13208
-10.86792
-18.86792
-107.86792
53.13208
-180.86792
63.13208
-251.86792
111.13208
-304.86792
170.13208
-332.86792
200.13208
-443.86792
149.13208
-544.86792
66.13208
-620.86792
97.13208
-721.86792
168.13208
-770.86792
197.13208
-844.86792
151.13208
-898.86792
51.13208
-925.86792
