53
22.67926
-652.98114
70.67926
-714.98114
146.67926
-741.98114
281.67926
-755.98114
337.67926
-711.98114
377.67926
-594.98114
326.67926
-497.98114
137.67926
-460.98114
9.67926
-423.98114
-37.32074
-375.98114
-57.32074
-296.98114
-17.32074
-225.98114
17.67926
-189.98114
122.67926
-148.98114
164.67926
-43.98114
118.67926
-2.98114
-11.32074
-13.98114
-58.32074
42.01886
-54.32074
116.01886
-4.32074
182.01886
54.67926
228.01886
65.67926
319.01886
125.67926
433.01886
208.67926
476.01886
240.67926
584.01886
256.67926
719.01886
205.67926
789.01886
153.67926
843.01886
66.67926
818.01886
16.67926
748.01886
37.67926
669.01886
51.67926
594.01886
13.67926
528.01886
-39.32074
486.01886
-63.32074
411.01886
-73.32074
335.01886
-116.32074
291.01886
-190.32074
298.01886
-293.32074
317.01886
-337.32074
242.01886
-330.32074
129.01886
-274.32074
33.01886
-195.32074
-16.98114
-153.32074
-66.98114
-143.32074
-123.98114
-192.32074
-207.98114
-219.32074
-279.98114
-241.32074
-358.98114
-226.32074
-433.98114
-158.32074
-484.98114
-50.32074
-511.98114
7.67926
-551.98114
21.67926
-599.98114
