43
-1.88373
-1002.02332
94.11627
-1043.02332
255.11627
-1012.02332
281.11627
-822.02332
144.11627
-729.02332
9.11627
-660.02332
-62.88373
-625.02332
-71.88373
-552.02332
-56.88373
-485.02332
3.11627
-378.02332
104.11627
-235.02332
150.11627
-181.02332
175.11627
-100.02332
140.11627
-20.02332
123.11627
208.97668
13.11627
279.97668
-28.88373
391.97668
67.11627
604.97668
221.11627
650.97668
298.11627
714.97668
255.11627
864.97668
299.11627
1045.97668
190.11627
1115.97668
47.11627
1124.97668
-6.88373
1033.97668
10.11627
928.97668
-45.88373
792.97668
-137.88373
680.97668
-162.88373
551.97668
-174.88373
475.97668
-192.88373
382.97668
-139.88373
246.97668
-41.88373
147.97668
-70.88373
-17.02332
-180.88373
-63.02332
-215.88373
-177.02332
-200.88373
-259.02332
-232.88373
-340.02332
-211.88373
-477.02332
-218.88373
-612.02332
-225.88373
-741.02332
-98.88373
-815.02332
-79.88373
-900.02332
