65
-265.95386
-722.52307
-346.95386
-668.52307
-399.95386
-609.52307
-396.95386
-504.52307
-333.95386
-370.52307
-267.95386
-343.52307
-184.95386
-393.52307
-108.95386
-501.52307
-93.95386
-587.52307
-27.95386
-655.52307
40.04614
-630.52307
121.04614
-588.52307
160.04614
-477.52307
175.04614
-385.52307
136.04614
-285.52307
-35.95386
-180.52307
-80.95386
-68.52307
-151.95386
43.47693
-213.95386
60.47693
-293.95386
101.47693
-342.95386
161.47693
-363.95386
263.47693
-339.95386
331.47693
-317.95386
412.47693
-264.95386
504.47693
-139.95386
555.47693
-46.95386
686.47693
-1.95386
793.47693
-39.95386
878.47693
-130.95386
928.47693
-150.95386
1013.47693
-39.95386
1084.47693
58.04614
1130.47693
131.04614
1092.47693
179.04614
1038.47693
187.04614
971.47693
184.04614
870.47693
208.04614
805.47693
186.04614
736.47693
193.04614
654.47693
120.04614
586.47693
26.04614
518.47693
21.04614
406.47693
-12.95386
333.47693
-1.95386
230.47693
18.04614
141.47693
108.04614
99.47693
150.04614
53.47693
218.04614
-42.52307
240.04614
-111.52307
264.04614
-163.52307
307.04614
-234.52307
297.04614
-303.52307
291.04614
-416.52307
252.04614
-497.52307
274.04614
-573.52307
227.04614
-650.52307
222.04614
-732.52307
234.04614
-809.52307
213.04614
-872.52307
135.04614
-896.52307
70.04614
-843.52307
32.04614
-784.52307
-56.95386
-772.52307
-150.95386
-804.52307
