50
74.38000
-577.78003
87.38000
-649.78003
144.38000
-684.78003
258.38000
-668.78003
330.38000
-619.78003
347.38000
-547.78003
297.38000
-502.78003
215.38000
-440.78003
164.38000
-379.78003
173.38000
-329.78003
225.38000
-274.78003
276.38000
-222.78003
272.38000
-156.78003
231.38000
-118.78003
188.38000
-68.78003
174.38000
4.21997
118.38000
43.21997
18.38000
13.21997
-93.62000
20.21997
-122.62000
72.21997
-113.62000
130.21997
-77.62000
192.21997
-2.62000
243.21997
97.38000
373.21997
104.38000
526.21997
50.38000
578.21997
-61.62000
591.21997
-101.62000
656.21997
-133.62000
708.21997
-206.62000
726.21997
-245.62000
687.21997
-258.62000
605.21997
-247.62000
550.21997
-187.62000
477.21997
-139.62000
426.21997
-154.62000
359.21997
-194.62000
301.21997
-240.62000
251.21997
-279.62000
176.21997
-299.62000
85.21997
-236.62000
-6.78003
-153.62000
-42.78003
-87.62000
-100.78003
-30.62000
-129.78003
-9.62000
-199.78003
-33.62000
-274.78003
-62.62000
-347.78003
-72.62000
-423.78003
-7.62000
-479.78003
51.38000
-513.78003
