58
-117.32758
-814.58618
-199.32758
-805.58618
-279.32758
-793.58618
-310.32758
-741.58618
-311.32758
-698.58618
-284.32758
-645.58618
-230.32758
-624.58618
-180.32758
-587.58618
-141.32758
-521.58618
-172.32758
-452.58618
-243.32758
-426.58618
-305.32758
-350.58618
-283.32758
-262.58618
-204.32758
-223.58618
-144.32758
-138.58618
-93.32758
-80.58618
-109.32758
-15.58618
-172.32758
24.41382
-240.32758
89.41382
-233.32758
226.41382
-136.32758
260.41382
-52.32758
289.41382
-26.32758
387.41382
-86.32758
462.41382
-82.32758
545.41382
-45.32758
617.41382
56.67242
640.41382
112.67242
713.41382
169.67242
754.41382
182.67242
812.41382
159.67242
871.41382
159.67242
954.41382
274.67242
1004.41382
341.67242
913.41382
334.67242
790.41382
280.67242
737.41382
239.67242
656.41382
234.67242
569.41382
250.67242
510.41382
240.67242
428.41382
158.67242
362.41382
109.67242
296.41382
96.67242
225.41382
130.67242
153.41382
104.67242
82.41382
92.67242
-1.58618
147.67242
-81.58618
148.67242
-178.58618
78.67242
-230.58618
8.67242
-304.58618
31.67242
-386.58618
87.67242
-434.58618
100.67242
-557.58618
171.67242
-619.58618
185.67242
-706.58618
127.67242
-802.58618
70.67242
-876.58618
-38.32758
-899.58618
