64
-96.23438
-1014.81250
-197.23438
-1006.81250
-284.23438
-967.81250
-294.23438
-891.81250
-267.23438
-800.81250
-189.23438
-777.81250
-109.23438
-733.81250
-61.23438
-641.81250
-88.23438
-539.81250
-176.23438
-500.81250
-282.23438
-425.81250
-291.23438
-289.81250
-191.23438
-219.81250
-109.23438
-128.81250
-146.23438
-27.81250
-93.23438
87.18750
-10.23438
131.18750
7.76563
217.18750
-70.23438
283.18750
-175.23438
334.18750
-182.23438
477.18750
-152.23438
543.18750
-90.23438
584.18750
-74.23438
663.18750
-133.23438
745.18750
-132.23438
833.18750
-60.23438
938.18750
-12.23438
993.18750
-12.23438
1072.18750
22.76563
1166.18750
148.76563
1172.18750
188.76563
1083.18750
204.76563
981.18750
167.76563
880.18750
108.76563
832.18750
106.76563
728.18750
90.76563
661.18750
126.76563
596.18750
138.76563
519.18750
93.76563
456.18750
94.76563
377.18750
134.76563
332.18750
169.76563
286.18750
182.76563
218.18750
172.76563
139.18750
141.76563
75.18750
122.76563
17.18750
147.76563
-47.81250
145.76563
-119.81250
106.76563
-190.81250
64.76563
-236.81250
9.76563
-293.81250
15.76563
-365.81250
79.76563
-410.81250
140.76563
-434.81250
173.76563
-501.81250
152.76563
-563.81250
97.76563
-680.81250
102.76563
-741.81250
93.76563
-792.81250
100.76563
-857.81250
131.76563
-930.81250
107.76563
-1057.81250
4.76563
-1092.81250
