56
-121.85712
-748.32141
-217.85712
-807.32141
-273.85712
-822.32141
-316.85712
-793.32141
-322.85712
-728.32141
-294.85712
-670.32141
-245.85712
-633.32141
-192.85712
-588.32141
-176.85712
-524.32141
-203.85712
-471.32141
-249.85712
-433.32141
-295.85712
-332.32141
-260.85712
-254.32141
-127.85712
-196.32141
-82.85712
-98.32141
-81.85712
-19.32141
-121.85712
36.67859
-184.85712
85.67859
-202.85712
174.67859
-176.85712
233.67859
-77.85712
274.67859
12.14288
355.67859
56.14288
475.67859
8.14288
555.67859
-96.85712
618.67859
-82.85712
747.67859
-27.85712
848.67859
62.14288
880.67859
122.14288
954.67859
205.14288
955.67859
252.14288
875.67859
243.14288
820.67859
200.14288
772.67859
165.14288
729.67859
178.14288
662.67859
219.14288
591.67859
260.14288
538.67859
254.14288
459.67859
210.14288
371.67859
166.14288
277.67859
191.14288
175.67859
199.14288
110.67859
149.14288
37.67859
118.14288
-10.32141
133.14288
-91.32141
201.14288
-167.32141
182.14288
-250.32141
43.14288
-289.32141
-8.85712
-382.32141
27.14288
-469.32141
107.14288
-531.32141
144.14288
-587.32141
117.14288
-643.32141
42.14288
-654.32141
-34.85712
-627.32141
-99.85712
-671.32141
