51
-102.45099
-640.07843
-58.45099
-719.07843
12.54901
-761.07843
188.54901
-728.07843
294.54901
-655.07843
296.54901
-569.07843
247.54901
-531.07843
139.54901
-517.07843
91.54901
-450.07843
96.54901
-375.07843
130.54901
-316.07843
241.54901
-262.07843
301.54901
-137.07843
303.54901
-22.07843
239.54901
24.92157
133.54901
64.92157
-21.45099
35.92157
-63.45099
91.92157
-56.45099
208.92157
52.54901
249.92157
173.54901
276.92157
190.54901
376.92157
155.54901
433.92157
87.54901
468.92157
23.54901
561.92157
35.54901
651.92157
15.54901
736.92157
-74.45099
780.92157
-194.45099
768.92157
-231.45099
700.92157
-215.45099
623.92157
-167.45099
545.92157
-109.45099
486.92157
-114.45099
400.92157
-182.45099
358.92157
-228.45099
319.92157
-264.45099
256.92157
-277.45099
192.92157
-257.45099
96.92157
-223.45099
26.92157
-134.45099
-36.07843
-39.45099
-63.07843
48.54901
-97.07843
59.54901
-163.07843
20.54901
-205.07843
-50.45099
-243.07843
-121.45099
-275.07843
-129.45099
-381.07843
-66.45099
-434.07843
-39.45099
-505.07843
-58.45099
-557.07843
