60
161.63336
-827.96667
57.63336
-836.96667
-5.36664
-774.96667
29.63336
-663.96667
146.63336
-573.96667
260.63336
-557.96667
305.63336
-424.96667
260.63336
-366.96667
164.63336
-350.96667
89.63336
-313.96667
85.63336
-243.96667
161.63336
-154.96667
277.63336
-114.96667
298.63336
3.03333
224.63336
44.03333
114.63336
64.03333
84.63336
135.03333
13.63336
248.03333
25.63336
364.03333
119.63336
421.03333
214.63336
524.03333
152.63336
656.03333
27.63336
671.03333
-29.36664
772.03333
38.63336
871.03333
112.63336
967.03333
72.63336
1087.03333
-23.36664
1147.03333
-128.36664
1102.03333
-141.36664
1023.03333
-139.36664
937.03333
-147.36664
857.03333
-184.36664
819.03333
-232.36664
773.03333
-231.36664
701.03333
-177.36664
616.03333
-123.36664
547.03333
-148.36664
457.03333
-159.36664
358.03333
-215.36664
294.03333
-207.36664
193.03333
-163.36664
93.03333
-52.36664
12.03333
-54.36664
-64.96667
-95.36664
-114.96667
-91.36664
-201.96667
-119.36664
-304.96667
-30.36664
-381.96667
-2.36664
-454.96667
-72.36664
-524.96667
-167.36664
-539.96667
-214.36664
-600.96667
-241.36664
-724.96667
-206.36664
-826.96667
-150.36664
-911.96667
-104.36664
-956.96667
14.63336
-993.96667
99.63336
-990.96667
182.63336
-963.96667
212.63336
-882.96667
