53
-41.62262
-642.22644
-143.62262
-673.22644
-209.62262
-750.22644
-316.62262
-779.22644
-374.62262
-730.22644
-377.62262
-656.22644
-381.62262
-592.22644
-332.62262
-499.22644
-238.62262
-445.22644
-119.62262
-429.22644
-78.62262
-359.22644
-124.62262
-283.22644
-209.62262
-197.22644
-186.62262
-105.22644
-85.62262
-69.22644
-21.62262
-24.22644
-10.62262
74.77356
-99.62262
129.77356
-193.62262
181.77356
-225.62262
268.77356
-139.62262
363.77356
-21.62262
367.77356
76.37738
489.77356
59.37738
572.77356
-2.62262
655.77356
-81.62262
735.77356
-51.62262
838.77356
28.37738
947.77356
106.37738
957.77356
178.37738
901.77356
242.37738
826.77356
247.37738
737.77356
211.37738
631.77356
270.37738
516.77356
256.37738
409.77356
226.37738
350.77356
184.37738
275.77356
152.37738
165.77356
193.37738
118.77356
280.37738
67.77356
285.37738
-7.22644
235.37738
-58.22644
188.37738
-124.22644
154.37738
-183.22644
108.37738
-201.22644
47.37738
-246.22644
43.37738
-324.22644
87.37738
-372.22644
149.37738
-446.22644
173.37738
-524.22644
132.37738
-584.22644
58.37738
-598.22644
6.37738
-635.22644
