53
8.41510
-869.96228
-45.58490
-934.96228
-38.58490
-1001.96228
39.41510
-1027.96228
222.41510
-941.96228
353.41510
-952.96228
409.41510
-876.96228
354.41510
-763.96228
260.41510
-706.96228
121.41510
-645.96228
21.41510
-585.96228
-20.58490
-471.96228
69.41510
-337.96228
169.41510
-311.96228
228.41510
-232.96228
278.41510
-115.96228
233.41510
-46.96228
100.41510
-16.96228
-16.58490
69.03772
-7.58490
207.03772
40.41510
298.03772
143.41510
355.03772
221.41510
460.03772
236.41510
600.03772
153.41510
623.03772
3.41510
602.03772
-52.58490
733.03772
2.41510
831.03772
85.41510
971.03772
50.41510
1071.03772
-63.58490
1073.03772
-144.58490
1030.03772
-209.58490
960.03772
-202.58490
868.03772
-203.58490
736.03772
-234.58490
687.03772
-247.58490
617.03772
-195.58490
548.03772
-143.58490
499.03772
-148.58490
413.03772
-196.58490
334.03772
-204.58490
220.03772
-207.58490
104.03772
-137.58490
14.03772
-74.58490
-69.96228
-74.58490
-174.96228
-124.58490
-243.96228
-206.58490
-326.96228
-209.58490
-448.96228
-196.58490
-555.96228
-136.58490
-622.96228
-42.58490
-698.96228
45.41510
-779.96228
