60
-41.46667
-834.34998
-115.46667
-864.34998
-179.46667
-882.34998
-218.46667
-856.34998
-228.46667
-807.34998
-213.46667
-755.34998
-124.46667
-722.34998
-58.46667
-685.34998
-43.46667
-627.34998
-77.46667
-570.34998
-125.46667
-523.34998
-210.46667
-487.34998
-229.46667
-396.34998
-197.46667
-328.34998
-132.46667
-293.34998
-28.46667
-214.34998
22.53333
-139.34998
15.53333
-45.34998
-74.46667
18.65002
-69.46667
128.65002
-27.46667
201.65002
-58.46667
277.65002
-147.46667
317.65002
-166.46667
424.65002
-157.46667
500.65002
-91.46667
557.65002
-40.46667
645.65002
-93.46667
717.65002
-180.46667
760.65002
-225.46667
846.65002
-207.46667
953.65002
-160.46667
1028.65002
-21.46667
1061.65002
71.53333
1017.65002
88.53333
951.65002
84.53333
878.65002
96.53333
815.65002
154.53333
741.65002
173.53333
670.65002
159.53333
582.65002
101.53333
529.65002
77.53333
454.65002
81.53333
392.65002
114.53333
338.65002
184.53333
272.65002
192.53333
175.65002
173.53333
96.65002
166.53333
20.65002
214.53333
-40.34998
230.53333
-132.34998
160.53333
-224.34998
145.53333
-332.34998
94.53333
-400.34998
74.53333
-470.34998
119.53333
-543.34998
142.53333
-649.34998
216.53333
-735.34998
197.53333
-819.34998
145.53333
-874.34998
47.53333
-851.34998
