54
-206.83331
-609.16669
-310.83331
-551.16669
-359.83331
-457.16669
-348.83331
-377.16669
-261.83331
-305.16669
-171.83331
-306.16669
-88.83331
-364.16669
-16.83331
-354.16669
12.16669
-300.16669
-26.83331
-199.16669
-98.83331
-109.16669
-71.83331
22.83331
-59.83331
107.83331
-93.83331
178.83331
-173.83331
226.83331
-191.83331
306.83331
-118.83331
403.83331
-85.83331
508.83331
-131.83331
592.83331
-204.83331
649.83331
-201.83331
746.83331
-142.83331
784.83331
-60.83331
859.83331
38.16669
887.83331
96.16669
832.83331
111.16669
766.83331
72.16669
676.83331
96.16669
622.83331
154.16669
569.83331
179.16669
502.83331
139.16669
431.83331
123.16669
360.83331
117.16669
294.83331
154.16669
248.83331
204.16669
177.83331
207.16669
110.83331
170.16669
56.83331
150.16669
-22.16669
119.16669
-73.16669
136.16669
-147.16669
183.16669
-196.16669
210.16669
-255.16669
202.16669
-352.16669
134.16669
-413.16669
122.16669
-484.16669
140.16669
-586.16669
180.16669
-692.16669
158.16669
-769.16669
101.16669
-798.16669
38.16669
-760.16669
-5.83331
-680.16669
-39.83331
-615.16669
-75.83331
-588.16669
-143.83331
-597.16669
