53
-24.62262
-643.13208
39.37738
-585.13208
87.37738
-527.13208
164.37738
-508.13208
256.37738
-544.13208
281.37738
-607.13208
326.37738
-650.13208
374.37738
-646.13208
410.37738
-611.13208
428.37738
-554.13208
416.37738
-458.13208
347.37738
-386.13208
217.37738
-328.13208
199.37738
-216.13208
107.37738
-111.13208
36.37738
-27.13208
37.37738
69.86792
73.37738
167.86792
192.37738
215.86792
224.37738
347.86792
244.37738
442.86792
200.37738
518.86792
93.37738
553.86792
-25.62262
577.86792
-113.62262
639.86792
-128.62262
766.86792
-134.62262
847.86792
-206.62262
942.86792
-311.62262
917.86792
-340.62262
812.86792
-336.62262
729.86792
-314.62262
640.86792
-281.62262
578.86792
-220.62262
532.86792
-159.62262
463.86792
-93.62262
376.86792
-74.62262
291.86792
-137.62262
238.86792
-221.62262
197.86792
-226.62262
92.86792
-177.62262
4.86792
-106.62262
-40.13208
-91.62262
-100.13208
-114.62262
-165.13208
-100.62262
-234.13208
2.37738
-291.13208
11.37738
-349.13208
-45.62262
-388.13208
-156.62262
-439.13208
-217.62262
-551.13208
-204.62262
-602.13208
-164.62262
-649.13208
-78.62262
-681.13208
