61
20.77051
899.21313
-79.22949
924.21313
-183.22949
858.21313
-211.22949
763.21313
-150.22949
671.21313
-2.22949
613.21313
29.77051
530.21313
-29.22949
422.21313
-163.22949
372.21313
-232.22949
279.21313
-186.22949
199.21313
-46.22949
184.21313
46.77051
165.21313
55.77051
86.21313
-20.22949
6.21313
-141.22949
-67.78687
-207.22949
-120.78687
-257.22949
-191.78687
-284.22949
-267.78687
-313.22949
-364.78687
-275.22949
-459.78687
-221.22949
-490.78687
-148.22949
-584.78687
-189.22949
-647.78687
-312.22949
-702.78687
-367.22949
-798.78687
-364.22949
-877.78687
-300.22949
-932.78687
-258.22949
-970.78687
-113.22949
-987.78687
-16.22949
-917.78687
-10.22949
-840.78687
-44.22949
-796.78687
-60.22949
-740.78687
-8.22949
-666.78687
55.77051
-621.78687
112.77051
-560.78687
116.77051
-492.78687
57.77051
-430.78687
-8.22949
-371.78687
19.77051
-259.78687
89.77051
-160.78687
172.77051
-136.78687
270.77051
-105.78687
292.77051
-33.78687
263.77051
24.21313
239.77051
74.21313
246.77051
143.21313
244.77051
215.21313
234.77051
300.21313
172.77051
357.21313
176.77051
450.21313
287.77051
537.21313
297.77051
618.21313
249.77051
676.21313
231.77051
755.21313
290.77051
847.21313
274.77051
911.21313
249.77051
985.21313
181.77051
1009.21313
98.77051
965.21313
