51
3.47058
-803.82355
131.47058
-800.82355
194.47058
-843.82355
287.47058
-833.82355
346.47058
-749.82355
311.47058
-672.82355
178.47058
-614.82355
89.47058
-509.82355
119.47058
-414.82355
232.47058
-338.82355
302.47058
-290.82355
306.47058
-198.82355
222.47058
-141.82355
141.47058
-57.82355
113.47058
27.17645
49.47058
65.17645
-43.52942
71.17645
-99.52942
145.17645
-32.52942
257.17645
66.47058
386.17645
200.47058
392.17645
289.47058
572.17645
178.47058
672.17645
53.47058
679.17645
0.47058
758.17645
15.47058
876.17645
-44.52942
935.17645
-180.52942
895.17645
-241.52942
832.17645
-250.52942
729.17645
-202.52942
653.17645
-138.52942
616.17645
-79.52942
539.17645
-113.52942
455.17645
-190.52942
394.17645
-299.52942
356.17645
-342.52942
252.17645
-305.52942
128.17645
-241.52942
68.17645
-179.52942
6.17645
-82.52942
-60.82355
-63.52942
-165.82355
-57.52942
-237.82355
-12.52942
-299.82355
-18.52942
-371.82355
-66.52942
-417.82355
-118.52942
-460.82355
-145.52942
-529.82355
-111.52942
-593.82355
-51.52942
-647.82355
-48.52942
-728.82355
