44
-189.81818
-444.29547
-175.81818
-499.29547
-163.81818
-536.29547
-122.81818
-565.29547
-69.81818
-568.29547
-4.81818
-554.29547
38.18182
-507.29547
61.18182
-459.29547
58.18182
-405.29547
14.18182
-358.29547
-29.81818
-308.29547
-27.81818
-236.29547
5.18182
-178.29547
80.18182
-165.29547
132.18182
-161.29547
191.18182
-135.29547
224.18182
-51.29547
261.18182
26.70453
248.18182
74.70453
188.18182
136.70453
98.18182
176.70453
59.18182
244.70453
78.18182
302.70453
137.18182
383.70453
165.18182
467.70453
249.18182
514.70453
264.18182
599.70453
200.18182
668.70453
41.18182
710.70453
-65.81818
635.70453
-83.81818
567.70453
-83.81818
480.70453
-78.81818
405.70453
-100.81818
320.70453
-137.81818
274.70453
-141.81818
202.70453
-87.81818
102.70453
-117.81818
19.70453
-201.81818
-10.29547
-248.81818
-68.29547
-257.81818
-161.29547
-229.81818
-233.29547
-168.81818
-279.29547
-146.81818
-343.29547
