29
-38.62067
-442.24139
45.37933
-493.24139
152.37933
-485.24139
186.37933
-425.24139
126.37933
-328.24139
59.37933
-230.24139
123.37933
-123.24139
227.37933
-45.24139
281.37933
82.75861
176.37933
173.75861
106.37933
312.75861
172.37933
397.75861
231.37933
520.75861
133.37933
640.75861
29.37933
638.75861
-56.62067
547.75861
-1.62067
389.75861
-23.62067
294.75861
-21.62067
199.75861
8.37933
114.75861
-10.62067
50.75861
-64.62067
-22.24139
-118.62067
-86.24139
-243.62067
-110.24139
-328.62067
-162.24139
-397.62067
-271.24139
-356.62067
-366.24139
-242.62067
-388.24139
-114.62067
-362.24139
