52
-39.36536
-798.26923
3.63464
-877.26923
85.63464
-894.26923
159.63464
-824.26923
129.63464
-740.26923
63.63464
-626.26923
32.63464
-513.26929
38.63464
-384.26929
139.63464
-348.26923
240.63464
-263.26923
197.63464
-172.26923
120.63464
-71.26923
162.63464
59.73077
304.63464
148.73077
398.63464
285.73077
382.63464
405.73077
263.63464
462.73077
112.63464
460.73077
12.63464
467.73071
-9.36536
530.73077
11.63464
646.73077
74.63464
709.73071
72.63464
784.73077
22.63464
829.73077
-80.36536
829.73077
-147.36536
788.73071
-180.36536
684.73071
-190.36536
584.73077
-203.36536
529.73077
-194.36536
466.73077
-147.36536
426.73077
-51.36536
367.73077
47.63464
365.73071
121.63464
328.73071
122.63464
267.73071
62.63464
212.73077
-13.36536
140.73077
-113.36536
98.73077
-194.36536
-0.26923
-183.36536
-65.26923
-129.36536
-112.26923
-88.36536
-170.26929
-114.36536
-250.26923
-153.36536
-293.26923
-178.36536
-376.26923
-148.36536
-441.26923
-147.36536
-510.26923
-185.36536
-573.26923
-214.36536
-627.26923
-201.36536
-674.26929
-141.36536
-701.26929
-67.36536
-726.26929
