42
-39.95239
-632.04761
6.04761
-710.04761
97.04761
-727.04761
188.04761
-689.04761
248.04761
-610.04761
251.04761
-502.04761
198.04761
-449.04761
69.04761
-409.04761
-31.95239
-389.04761
-81.95239
-352.04761
-90.95239
-251.04761
-76.95239
-145.04761
6.04761
-47.04761
133.04761
-15.04761
217.04761
32.95239
285.04761
159.95239
268.04761
302.95239
171.04761
352.95239
139.04761
455.95239
152.04761
526.95239
167.04761
620.95239
209.04761
721.95239
151.04761
788.95239
-7.95239
816.95239
-98.95239
727.95239
-93.95239
651.95239
-79.95239
582.95239
-47.95239
484.95239
-27.95239
426.95239
-25.95239
360.95239
-8.95239
277.95239
-63.95239
208.95239
-164.95239
134.95239
-205.95239
74.95239
-281.95239
8.95239
-327.95239
-95.04761
-309.95239
-243.04761
-287.95239
-366.04761
-273.95239
-458.04761
-184.95239
-510.04761
-112.95239
-517.04761
-54.95239
-562.04761
