56
58.30356
-828.58929
121.30356
-882.58929
244.30356
-868.58929
306.30356
-818.58929
336.30356
-723.58929
266.30356
-632.58929
55.30356
-587.58929
-35.69644
-484.58929
-42.69644
-388.58929
-5.69644
-321.58929
111.30356
-260.58929
230.30356
-236.58929
323.30356
-139.58929
332.30356
-27.58929
293.30356
103.41071
209.30356
155.41071
76.30356
203.41071
35.30356
331.41071
50.30356
445.41071
142.30356
533.41071
171.30356
638.41071
125.30356
697.41071
119.30356
796.41071
166.30359
880.41071
129.30359
963.41071
2.30359
961.41071
-71.69644
907.41071
-78.69644
853.41071
-65.69644
798.41071
-39.69644
751.41071
-11.69644
700.41071
-10.69644
657.41071
-52.69644
612.41071
-101.69644
581.41071
-143.69644
510.41071
-172.69644
430.41071
-174.69644
338.41071
-160.69644
292.41071
-144.69644
231.41071
-98.69644
163.41071
-35.69644
87.41071
5.30356
-19.58929
-35.69644
-101.58929
-144.69644
-136.58929
-231.69644
-166.58929
-283.69644
-290.58929
-286.69644
-362.58929
-275.69644
-465.58929
-224.69644
-559.58929
-204.69644
-641.58929
-234.69644
-699.58929
-235.69644
-758.58929
-203.69644
-798.58929
-117.69644
-799.58929
-58.69644
-784.58929
12.30356
-789.58929
