73
-3.06848
-871.82190
-52.06848
-907.82190
-128.06848
-938.82190
-196.06848
-898.82190
-264.06848
-856.82190
-337.06848
-802.82190
-357.06848
-742.82190
-315.06848
-636.82190
-216.06848
-619.82190
-121.06848
-621.82190
-52.06848
-533.82190
-45.06848
-463.82190
-116.06848
-404.82190
-184.06848
-339.82190
-262.06848
-304.82190
-284.06848
-235.82190
-290.06848
-144.82190
-277.06848
-103.82190
-239.06848
-52.82190
-156.06848
-45.82190
-98.06848
-63.82190
-15.06848
-108.82190
59.93152
-89.82190
92.93152
-33.82190
54.93152
51.17810
16.93152
187.17810
-78.06848
294.17810
-174.06848
355.17810
-244.06848
437.17810
-259.06848
547.17810
-199.06848
684.17810
-110.06848
741.17810
26.93152
819.17810
28.93152
892.17810
10.93152
966.17810
28.93152
1041.17810
109.93152
1103.17810
198.93152
1105.17810
259.93152
1001.17810
263.93152
910.17810
228.93152
861.17810
207.93152
829.17810
190.93152
790.17810
194.93152
742.17810
188.93152
670.17810
117.93152
632.17810
16.93152
601.17810
-29.06848
551.17810
-17.06848
479.17810
41.93152
420.17810
109.93152
376.17810
176.93152
326.17810
199.93152
245.17810
214.93152
176.17810
262.93152
71.17810
224.93152
-47.82190
186.93152
-128.82190
148.93152
-173.82190
74.93152
-212.82190
-13.06848
-235.82190
-40.06848
-272.82190
-40.06848
-321.82190
6.93152
-364.82190
105.93152
-364.82190
184.93152
-423.82190
172.93152
-510.82190
153.93152
-572.82190
188.93152
-638.82190
225.93152
-705.82190
197.93152
-772.82190
139.93152
-783.82190
62.93152
-780.82190
20.93152
-816.82190
