60
-243.95001
-1028.41663
-323.95001
-1002.41663
-348.95001
-947.41663
-348.95001
-875.41663
-306.95001
-781.41663
-196.95001
-752.41663
-142.95001
-707.41663
-118.95001
-621.41663
-161.95001
-557.41663
-197.95001
-510.41663
-303.95001
-477.41663
-363.95001
-413.41663
-376.95001
-223.41663
-332.95001
-135.41663
-200.95001
-64.41663
-114.95001
-66.41663
-36.95001
-127.41663
38.04999
-166.41663
96.04999
-152.41663
146.04999
-67.41663
139.04999
-1.41663
126.04999
123.58337
64.04999
210.58337
-22.95001
252.58337
-83.95001
301.58337
-65.95001
453.58337
-53.95001
585.58337
-0.95001
662.58337
62.04999
704.58337
73.04999
777.58337
22.04999
857.58337
-103.95001
909.58337
-115.95001
1027.58337
-3.95001
1137.58337
131.04999
1140.58337
184.04999
1093.58337
206.04999
1017.58337
228.04999
941.58337
257.04999
817.58337
264.04999
733.58337
240.04999
643.58337
191.04999
552.58337
148.04999
507.58337
144.04999
436.58337
171.04999
296.58337
227.04999
208.58337
266.04999
146.58337
268.04999
-38.41663
245.04999
-122.41663
242.04999
-216.41663
177.04999
-286.41663
56.04999
-311.41663
29.04999
-373.41663
7.04999
-452.41663
67.04999
-591.41663
107.04999
-689.41663
122.04999
-796.41663
47.04999
-872.41663
-43.95001
-1002.41663
-138.95001
-1062.41663
