64
7.73438
-647.85938
-53.26563
-607.85938
-114.26563
-565.85938
-118.26563
-490.85938
-84.26563
-394.85938
24.73438
-380.85938
114.73438
-392.85938
138.73438
-455.85938
147.73438
-525.85938
173.73438
-569.85938
217.73438
-583.85938
269.73438
-540.85938
288.73438
-433.85938
290.73438
-351.85938
267.73438
-292.85938
213.73438
-218.85938
112.73438
-175.85938
42.73438
-144.85938
20.73438
-68.85938
-6.26563
-3.85938
6.73438
86.14063
38.73438
129.14063
87.73438
185.14063
176.73438
233.14063
245.73438
279.14063
283.73438
381.14063
266.73438
480.14063
208.73438
561.14063
155.73438
623.14063
112.73438
665.14063
121.73438
776.14063
179.73438
869.14063
188.73438
950.14063
119.73438
992.14063
-9.26563
958.14063
-72.26563
898.14063
-60.26563
830.14063
-46.26563
754.14063
-28.26563
662.14063
2.73438
572.14063
11.73438
510.14063
-29.26563
456.14063
-73.26563
420.14063
-88.26563
363.14063
-101.26563
288.14063
-151.26563
256.14063
-239.26563
224.14063
-273.26563
134.14063
-235.26563
16.14063
-201.26563
-56.85938
-137.26563
-111.85938
-136.26563
-178.85938
-133.26563
-253.85938
-185.26563
-302.85938
-225.26563
-324.85938
-262.26563
-375.85938
-290.26563
-446.85938
-289.26563
-525.85938
-268.26563
-589.85938
-227.26563
-634.85938
-204.26563
-701.85938
-148.26563
-741.85938
-62.26563
-765.85938
12.73438
-728.85938
