58
67.70691
-765.74133
42.70691
-863.74133
93.70691
-943.74133
165.70691
-937.74133
257.70691
-898.74133
286.70691
-819.74133
262.70691
-735.74133
172.70691
-644.74133
91.70691
-570.74133
89.70691
-469.74133
151.70691
-387.74133
273.70691
-359.74133
331.70691
-264.74133
370.70691
-167.74133
326.70691
-58.74133
167.70691
-18.74133
89.70691
13.25867
42.70691
106.25867
81.70691
261.25867
150.70691
318.25867
221.70691
396.25867
225.70691
511.25867
147.70691
546.25867
76.70691
526.25867
34.70691
460.25867
-32.29309
431.25867
-95.29309
481.25867
-98.29309
593.25867
-75.29309
676.25867
-80.29309
745.25867
-131.29309
799.25867
-193.29309
790.25867
-230.29309
738.25867
-260.29309
681.25867
-285.29309
631.25867
-287.29309
581.25867
-259.29309
528.25867
-230.29309
455.25867
-211.29309
401.25867
-183.29309
347.25867
-154.29309
324.25867
-110.29309
304.25867
-83.29309
268.25867
-91.29309
213.25867
-151.29309
156.25867
-176.29309
70.25867
-118.29309
-32.74133
-15.29309
-112.74133
23.70691
-157.74133
14.70691
-228.74133
-57.29309
-268.74133
-129.29309
-314.74133
-133.29309
-399.74133
-150.29309
-463.74133
-129.29309
-544.74133
-105.29309
-614.74133
-49.29309
-642.74133
23.70691
-673.74133
