56
-76.23212
-711.21423
-167.23212
-731.21423
-279.23212
-754.21423
-324.23212
-698.21423
-334.23212
-636.21423
-305.23212
-559.21423
-196.23212
-537.21423
-125.23212
-507.21423
-106.23212
-448.21423
-123.23212
-394.21423
-190.23212
-343.21423
-223.23212
-299.21423
-208.23212
-224.21423
-167.23212
-181.21423
-66.23212
-175.21423
39.76788
-197.21423
93.76788
-164.21423
108.76788
-45.21423
90.76788
38.78577
-7.23212
126.78577
-105.23212
161.78577
-157.23212
224.78577
-163.23212
279.78577
-148.23212
396.78577
-82.23212
430.78577
-16.23212
490.78577
-41.23212
571.78577
-129.23212
628.78577
-223.23212
656.78577
-245.23212
719.78577
-231.23212
789.78577
-121.23212
854.78577
7.76788
862.78577
106.76788
841.78577
165.76788
767.78577
212.76788
692.78577
198.76788
583.78577
173.76788
492.78577
161.76788
436.78577
129.76788
377.78577
158.76788
304.78577
186.76788
223.78577
231.76788
156.78577
261.76788
87.78577
280.76788
13.78577
276.76788
-59.21423
260.76788
-146.21423
239.76788
-206.21423
195.76788
-261.21423
124.76788
-307.21423
104.76788
-389.21423
152.76788
-487.21423
191.76788
-595.21423
190.76788
-660.21423
148.76788
-737.21423
53.76788
-748.21423
