59
123.91528
-594.89832
184.91528
-563.89832
189.91528
-485.89832
146.91525
-410.89832
88.91525
-367.89832
43.91525
-273.89832
40.91525
-186.89832
98.91525
-142.89832
238.91525
-120.89832
324.91525
-50.89832
348.91525
28.10168
316.91525
127.10168
268.91525
192.10168
161.91525
240.10168
82.91528
365.10168
148.91525
489.10168
276.91525
586.10168
324.91525
737.10168
298.91525
805.10168
222.91525
877.10168
124.91525
913.10168
26.91525
901.10168
-40.08475
831.10168
-43.08475
768.10168
-27.08475
718.10168
-6.08475
657.10168
9.91525
596.10168
8.91525
543.10168
-22.08475
488.10168
-185.08475
441.10168
-229.08475
394.10168
-252.08475
319.10168
-222.08475
262.10168
-150.08475
239.10168
-71.08475
198.10168
1.91525
165.10168
23.91525
118.10168
-10.08475
56.10168
-60.08475
7.10168
-123.08475
-9.89832
-175.08475
-56.89832
-194.08475
-138.89832
-191.08472
-212.89832
-147.08475
-265.89832
-126.08475
-353.89832
-147.08475
-411.89832
-195.08475
-482.89832
-231.08475
-565.89832
-255.08475
-660.89832
-257.08475
-698.89832
-234.08475
-726.89832
-187.08475
-745.89832
-120.08475
-742.89832
-74.08475
-713.89832
-62.08475
-673.89832
-55.08475
-637.89832
-41.08475
-593.89832
-5.08472
-568.89832
54.91528
-573.89832
