44
27.43182
-605.65912
54.43182
-670.65912
132.43182
-688.65912
212.43182
-646.65912
258.43182
-547.65912
237.43182
-488.65912
156.43182
-422.65912
77.43182
-324.65912
98.43182
-216.65912
143.43182
-169.65912
249.43182
-127.65912
328.43182
-27.65912
341.43182
79.34088
284.43182
160.34088
183.43182
186.34088
96.43182
200.34088
36.43182
348.34088
65.43182
423.34088
124.43182
537.34088
132.43182
644.34088
116.43182
714.34088
23.43182
752.34088
-78.56818
732.34088
-135.56818
650.34088
-280.56818
575.34088
-283.56818
495.34088
-256.56818
422.34088
-201.56818
361.34088
-179.56818
284.34088
-226.56818
204.34088
-212.56818
129.34088
-135.56818
94.34088
-74.56818
68.34088
-56.56818
-5.65912
-108.56818
-65.65912
-170.56818
-103.65912
-228.56818
-168.65912
-209.56818
-264.65912
-207.56818
-328.65912
-159.56818
-376.65912
-100.56818
-398.65912
-47.56818
-434.65912
-13.56818
-484.65912
31.43182
-548.65912
