54
23.01849
-708.12964
23.01849
-766.12964
102.01849
-811.12964
196.01849
-820.12964
280.01849
-768.12964
327.01849
-664.12964
331.01849
-574.12964
299.01849
-512.12964
188.01849
-449.12964
83.01849
-397.12964
23.01849
-307.12964
21.01849
-215.12964
83.01849
-98.12964
163.01849
-73.12964
255.01849
-36.12964
292.01849
58.87036
278.01849
142.87036
202.01849
186.87036
119.01849
212.87036
84.01849
367.87036
65.01849
474.87036
114.01849
574.87036
189.01849
659.87036
190.01849
735.87036
92.01849
791.87036
12.01849
750.87036
-32.98151
699.87036
-92.98151
686.87036
-160.98151
707.87036
-215.98151
690.87036
-247.98151
636.87036
-250.98151
580.87036
-236.98151
526.87036
-199.98151
472.87036
-159.98151
437.87036
-116.98151
386.87036
-101.98151
323.87036
-97.98151
267.87036
-97.98151
213.87036
-62.98151
138.87036
-32.98151
77.87036
-66.98151
7.87036
-164.98151
-28.12964
-221.98151
-99.12964
-263.98151
-192.12964
-255.98151
-267.12964
-275.98151
-346.12964
-242.98151
-431.12964
-209.98151
-496.12964
-161.98151
-513.12964
-96.98151
-521.12964
-38.98151
-531.12964
15.01849
-562.12964
49.01849
-624.12964
