49
-42.32654
-676.81635
-5.32654
-752.81635
143.67346
-755.81635
217.67346
-712.81635
265.67346
-633.81635
268.67346
-582.81635
243.67346
-494.81635
168.67346
-436.81635
83.67346
-392.81635
26.67346
-349.81635
24.67346
-293.81635
33.67346
-243.81635
100.67346
-177.81635
192.67346
-97.81635
263.67346
-16.81635
263.67346
86.18365
221.67346
130.18365
121.67346
151.18365
52.67346
173.18365
33.67346
231.18365
101.67346
367.18365
176.67346
404.18365
276.67346
450.18365
255.67346
624.18365
126.67346
657.18365
53.67346
615.18365
15.67346
549.18365
-57.32654
529.18365
-107.32654
564.18365
-157.32654
599.18365
-217.32654
593.18365
-254.32654
520.18365
-259.32654
434.18365
-236.32654
387.18365
-183.32654
328.18365
-173.32654
278.18365
-150.32654
228.18365
-164.32654
167.18365
-168.32654
118.18365
-136.32654
42.18365
-125.32654
-16.81635
-159.32654
-69.81635
-190.32654
-120.81635
-217.32654
-213.81635
-215.32654
-290.81635
-210.32654
-376.81635
-164.32654
-447.81635
-40.32654
-481.81635
-7.32654
-560.81635
