62
-128.91937
-644.25806
-111.91937
-742.25806
-86.91937
-822.25806
-32.91937
-846.25806
64.08063
-827.25806
109.08063
-782.25806
77.08063
-674.25806
43.08063
-571.25806
116.08063
-506.25806
178.08063
-528.25806
225.08063
-567.25806
285.08063
-572.25806
325.08063
-525.25806
307.08063
-417.25806
203.08063
-372.25806
159.08063
-340.25806
84.08063
-309.25806
42.08063
-262.25806
18.08063
-201.25806
31.08063
-125.25806
65.08063
-86.25806
153.08063
-54.25806
211.08063
-31.25806
259.08063
58.74194
260.08063
140.74194
201.08063
172.74194
118.08063
181.74194
76.08063
247.74194
44.08063
316.74194
56.08063
389.74194
127.08063
442.74194
238.08063
478.74194
288.08063
577.74194
257.08063
666.74194
89.08063
666.74194
-21.91937
633.74194
-70.91937
686.74194
-81.91937
816.74194
-149.91937
865.74194
-275.91937
845.74194
-320.91937
801.74194
-310.91937
694.74194
-258.91937
601.74194
-194.91937
564.74194
-136.91937
511.74194
-97.91937
465.74194
-97.91937
397.74194
-150.91937
336.74194
-191.91937
290.74194
-212.91937
236.74194
-166.91937
161.74194
-125.91937
113.74194
-117.91937
59.74194
-133.91937
-1.25806
-182.91937
-96.25806
-224.91937
-152.25806
-210.91937
-233.25806
-157.91937
-293.25806
-120.91937
-365.25806
-92.91937
-433.25806
-106.91937
-495.25806
-92.91937
-571.25806
