70
-172.12860
-828.52856
-221.12860
-877.52856
-278.12860
-902.52856
-336.12860
-871.52856
-346.12860
-810.52856
-344.12860
-744.52856
-306.12860
-703.52856
-235.12860
-698.52856
-171.12860
-680.52856
-142.12860
-647.52856
-137.12860
-585.52856
-154.12860
-551.52856
-191.12860
-522.52856
-230.12860
-492.52856
-266.12860
-425.52856
-243.12860
-334.52856
-143.12860
-271.52856
-87.12860
-166.52856
-46.12860
-98.52856
-66.12860
-29.52856
-96.12860
31.47144
-162.12860
126.47144
-145.12860
190.47144
-97.12860
248.47144
-49.12860
277.47144
11.87140
330.47144
30.87140
424.47144
-8.12860
483.47144
-52.12860
512.47144
-150.12860
601.47144
-173.12860
673.47144
-140.12860
782.47144
-93.12860
841.47144
0.87140
881.47144
39.87140
938.47144
19.87140
1026.47144
52.87140
1114.47144
118.87140
1160.47144
217.87140
1154.47144
264.87140
1036.47144
255.87140
978.47144
240.87140
908.47144
170.87140
846.47144
149.87140
776.47144
149.87140
704.47144
176.87140
652.47144
217.87140
569.47144
250.87140
508.47144
244.87140
423.47144
194.87140
298.47144
145.87140
240.47144
140.87140
161.47144
179.87140
112.47144
190.87140
52.47144
198.87140
-65.52856
152.87140
-152.52856
131.87140
-214.52856
177.87140
-278.52856
229.87140
-354.52856
180.87140
-445.52856
112.87140
-502.52856
59.87140
-559.52856
77.87140
-635.52856
139.87140
-674.52856
181.87140
-750.52856
154.87140
-843.52856
102.87140
-911.52856
7.87140
-881.52856
-31.12860
-809.52856
-98.12860
-778.52856
