53
139.32074
-991.28296
-15.67926
-1030.28296
-151.67926
-1024.28296
-234.67926
-968.28296
-235.67926
-902.28296
-150.67926
-825.28296
-61.67926
-758.28296
-48.67926
-678.28296
-91.67926
-621.28296
-147.67926
-584.28296
-171.67926
-500.28296
-183.67926
-412.28296
-131.67926
-348.28296
-45.67926
-300.28296
-10.67926
-172.28296
-22.67926
-102.28296
-103.67926
-35.28296
-186.67926
-4.28296
-267.67926
137.71704
-273.67926
249.71704
-167.67926
312.71704
-81.67926
335.71704
-3.67926
480.71704
-11.67926
541.71704
-59.67926
612.71704
-108.67926
665.71704
-175.67926
775.71704
-228.67926
859.71704
-189.67926
941.71704
-58.67926
1060.71704
38.32074
1052.71704
111.32074
983.71704
144.32074
871.71704
120.32074
802.71704
125.32074
720.71704
167.32074
660.71704
205.32074
586.71704
183.32074
499.71704
200.32074
438.71704
191.32074
339.71704
136.32074
279.71704
97.32074
215.71704
96.32074
132.71704
139.32074
24.71704
202.32074
-51.28296
190.32074
-152.28296
154.32074
-268.28296
182.32074
-356.28296
168.32074
-484.28296
121.32074
-563.28296
169.32074
-691.28296
156.32074
-817.28296
176.32074
-914.28296
