66
54.93939
-538.16669
30.93939
-606.16669
16.93939
-658.16669
31.93939
-697.16669
82.93939
-726.16669
178.93939
-737.16669
247.93939
-716.16669
284.93939
-650.16669
291.93939
-603.16669
256.93939
-550.16669
228.93939
-515.16669
199.93939
-446.16669
209.93939
-376.16669
252.93939
-341.16669
326.93939
-280.16669
327.93939
-204.16669
264.93939
-158.16669
154.93939
-163.16669
69.93939
-186.16669
1.93939
-210.16669
-38.06061
-265.16669
-112.06061
-280.16669
-156.06061
-231.16669
-140.06061
-175.16669
-70.06061
-94.16669
-1.06061
-55.16669
56.93939
0.83331
182.93939
104.83331
207.93939
182.83331
172.93939
259.83331
124.93939
278.83331
71.93939
264.83331
6.93939
266.83331
-28.06061
308.83331
-13.06061
365.83331
45.93939
469.83331
171.93939
504.83331
212.93939
638.83331
184.93939
702.83331
101.93939
708.83331
36.93939
680.83331
-42.06061
689.83331
-82.06061
744.83331
-131.06061
811.83331
-196.06061
831.83331
-267.06061
804.83331
-290.06061
724.83331
-249.06061
626.83331
-207.06061
580.83331
-167.06061
523.83331
-169.06061
460.83331
-214.06061
362.83331
-239.06061
273.83331
-220.06061
192.83331
-157.06061
122.83331
-172.06061
43.83331
-232.06061
-2.16669
-285.06061
-63.16669
-345.06061
-215.16669
-351.06061
-287.16669
-286.06061
-357.16669
-226.06061
-379.16669
-121.06061
-402.16669
-59.06061
-416.16669
21.93939
-431.16669
64.93939
-473.16669
