63
137.84125
-815.17462
205.84125
-816.17462
253.84125
-850.17462
316.84125
-867.17462
377.84125
-847.17462
403.84125
-782.17462
392.84125
-701.17462
334.84125
-648.17462
264.84125
-606.17462
233.84125
-533.17462
246.84125
-448.17462
289.84125
-371.17462
335.84125
-304.17462
309.84125
-225.17462
222.84125
-219.17462
124.84125
-249.17462
76.84125
-225.17462
50.84125
-184.17462
18.84125
-91.17462
23.84125
-4.17462
78.84125
45.82538
122.84125
116.82538
109.84125
227.82538
61.84125
274.82538
41.84125
374.82538
93.84125
434.82538
119.84125
541.82538
41.84125
591.82538
-114.15875
590.82538
-154.15875
684.82538
-94.15875
783.82538
19.84125
883.82538
51.84125
1001.82538
-6.15875
1081.82544
-186.15875
1082.82544
-274.15875
1039.82544
-333.15875
970.82538
-355.15875
877.82538
-359.15875
801.82538
-325.15875
717.82538
-314.15875
661.82538
-308.15875
581.82538
-277.15875
508.82538
-214.15875
440.82538
-177.15875
358.82538
-142.15875
292.82538
-166.15875
231.82538
-199.15875
162.82538
-218.15875
97.82538
-201.15875
3.82538
-179.15875
-135.17462
-160.15875
-221.17462
-203.15875
-308.17462
-171.15875
-404.17462
-104.15875
-419.17462
-15.15875
-442.17462
24.84125
-478.17462
9.84125
-547.17462
-44.15875
-589.17462
-79.15875
-688.17462
-71.15875
-756.17462
-25.15875
-818.17462
53.84125
-857.17462
