67
-172.97015
-735.53735
-199.97015
-813.53735
-196.97015
-889.53735
-135.97015
-936.53735
-32.97015
-939.53735
11.02985
-858.53735
28.02985
-785.53735
76.02985
-744.53735
145.02985
-762.53735
183.02985
-801.53735
235.02985
-818.53735
291.02985
-790.53735
333.02985
-724.53735
360.02985
-636.53735
327.02985
-574.53735
220.02985
-527.53735
134.02985
-510.53735
76.02985
-485.53735
63.02985
-421.53735
83.02985
-355.53735
147.02985
-322.53735
223.02985
-291.53735
260.02985
-147.53735
287.02985
-72.53735
247.02985
-8.53735
191.02985
17.46265
111.02985
17.46265
63.02985
66.46265
66.02985
162.46265
96.02985
248.46265
179.02985
267.46265
267.02985
290.46265
310.02985
374.46265
238.02985
476.46265
111.02985
467.46265
-21.97015
405.46265
-92.97015
440.46265
-116.97015
558.46265
-120.97015
700.46265
-31.97015
774.46265
78.02985
784.46265
128.02985
877.46265
91.02985
1020.46265
-48.97015
1077.46265
-142.97015
1051.46265
-195.97015
980.46265
-234.97015
924.46265
-233.97015
850.46265
-277.97015
797.46265
-319.97015
735.46265
-330.97015
667.46265
-342.97015
573.46265
-288.97015
510.46265
-261.97015
412.46265
-189.97015
336.46265
-135.97015
289.46265
-130.97015
231.46265
-179.97015
117.46265
-173.97015
35.46265
-129.97015
-37.53735
-107.97015
-130.53735
-59.97015
-192.53735
-67.97015
-263.53735
-133.97015
-316.53735
-182.97015
-443.53735
-151.97015
-548.53735
-107.97015
-655.53735
