74
-0.43243
-706.62164
117.56757
-738.62164
137.56757
-845.62164
195.56757
-912.62164
306.56757
-896.62164
361.56757
-837.62164
389.56757
-778.62164
361.56757
-726.62164
315.56757
-690.62164
277.56757
-645.62164
272.56757
-573.62164
301.56757
-523.62164
331.56757
-455.62164
301.56757
-385.62164
225.56757
-378.62164
141.56757
-438.62164
70.56757
-482.62164
3.56757
-458.62164
-16.43243
-384.62164
-0.43243
-324.62164
52.56757
-271.62164
129.56757
-193.62164
183.56757
-190.62164
242.56757
-174.62164
273.56757
-113.62164
277.56757
-21.62164
218.56757
12.37836
132.56757
16.37836
60.56757
4.37836
-7.43243
42.37836
-7.43243
121.37836
78.56757
239.37836
160.56757
238.37836
235.56757
268.37836
238.56757
355.37836
176.56757
458.37836
87.56757
478.37836
9.56757
463.37836
-46.43243
427.37836
-106.43243
430.37836
-136.43243
469.37836
-145.43243
538.37836
-127.43243
628.37836
-58.43243
677.37836
-12.43243
771.37836
-12.43243
828.37836
-30.43243
894.37836
-119.43243
933.37836
-201.43243
910.37836
-250.43243
874.37836
-263.43243
816.37836
-254.43243
745.37836
-275.43243
690.37836
-308.43243
648.37836
-322.43243
572.37836
-322.43243
488.37836
-290.43243
416.37836
-223.43243
344.37836
-163.43243
305.37836
-151.43243
245.37836
-176.43243
191.37836
-208.43243
153.37836
-238.43243
93.37836
-242.43243
22.37836
-222.43243
-30.62164
-170.43243
-75.62164
-152.43243
-171.62164
-172.43243
-251.62164
-201.43243
-327.62164
-214.43243
-400.62164
-217.43243
-470.62164
-197.43243
-533.62164
-160.43243
-584.62164
-140.43243
-676.62164
