57
-269.00000
-767.84210
-341.00000
-728.84204
-351.00000
-651.84210
-293.00000
-573.84204
-210.00000
-570.84210
-137.00000
-605.84204
-57.00000
-580.84210
-38.00000
-511.84204
-81.00000
-449.84210
-117.00000
-373.84210
-100.00000
-293.84210
-37.00000
-243.84204
-19.00000
-179.84210
-55.00000
-74.84210
-108.00000
-28.84204
-130.00000
32.15790
-105.00000
104.15796
-53.00000
145.15796
-33.00000
222.15796
-80.00000
284.15796
-120.00000
380.15790
-67.00000
449.15790
-4.00000
510.15790
-13.00000
596.15790
-70.00000
638.15790
-149.00000
693.15796
-151.00000
766.15790
-107.00000
841.15790
-35.00000
883.15790
78.00000
897.15790
126.00000
851.15790
158.00000
771.15790
149.00000
700.15790
144.00000
622.15790
186.00000
538.15790
223.00000
456.15790
199.00000
385.15796
148.00000
343.15796
122.00000
259.15790
161.00000
208.15790
200.00000
160.15796
191.00000
96.15790
119.00000
34.15790
99.00000
-25.84210
121.00000
-75.84210
161.00000
-119.84210
220.00000
-189.84210
191.00000
-284.84210
115.00000
-327.84210
90.00000
-398.84210
127.00000
-482.84210
192.00000
-552.84210
176.00000
-662.84204
70.00000
-765.84204
-64.00000
-741.84204
-119.00000
-753.84210
-199.00000
-796.84204
