57
-222.00000
-865.84204
-291.00000
-803.84204
-310.00000
-708.84204
-261.00000
-632.84204
-197.00000
-604.84204
-137.00000
-605.84204
-57.00000
-580.84210
-38.00000
-511.84204
-81.00000
-449.84210
-117.00000
-373.84210
-100.00000
-293.84210
-37.00000
-243.84204
-19.00000
-179.84210
-55.00000
-74.84210
-237.00000
-5.84204
-374.00000
92.15796
-326.00000
179.15796
-164.00000
201.15796
-112.00000
232.15796
-92.00000
300.15796
-108.00000
379.15796
-67.00000
449.15790
-4.00000
510.15790
-13.00000
596.15790
-70.00000
638.15790
-149.00000
693.15796
-182.00000
769.15796
-104.00000
837.15796
-7.00000
829.15796
78.00000
897.15790
200.00000
844.15796
194.00000
757.15796
149.00000
700.15790
144.00000
622.15790
186.00000
538.15790
223.00000
456.15790
199.00000
385.15796
158.00000
340.15796
143.00000
267.15796
101.00000
220.15796
41.00000
178.15796
-1.00000
108.15796
12.00000
35.15796
99.00000
-25.84210
121.00000
-75.84210
161.00000
-119.84210
220.00000
-189.84210
191.00000
-284.84210
115.00000
-327.84210
90.00000
-398.84210
127.00000
-482.84210
192.00000
-552.84210
176.00000
-662.84204
70.00000
-765.84204
-40.00000
-756.84204
-91.00000
-793.84204
-138.00000
-858.84204
