63
-27.71429
-639.22223
-93.71429
-628.22223
-203.71429
-627.22223
-239.71429
-552.22223
-250.71429
-465.22223
-206.71429
-379.22223
-131.71429
-351.22223
-63.71429
-383.22223
4.28571
-370.22223
34.28571
-304.22223
28.28571
-248.22223
-15.71429
-214.22223
-100.71429
-187.22223
-135.71429
-152.22223
-142.71429
-97.22223
-98.71429
-48.22223
0.28571
-37.22223
44.28571
21.77777
22.28571
81.77777
-32.71429
105.77777
-161.71429
102.77777
-224.71429
111.77777
-255.71429
171.77777
-316.71429
282.77777
-313.71429
405.77777
-259.71429
450.77777
-175.71429
481.77777
-115.71429
497.77777
-76.71429
575.77777
-144.71429
658.77777
-227.71429
739.77777
-225.71429
896.77777
-65.71429
979.77777
18.28571
830.77777
56.28571
734.77777
63.28571
629.77777
42.28571
544.77777
5.28571
460.77777
-34.71429
386.77777
-61.71429
303.77777
-41.71429
238.77777
56.28571
196.77777
139.28571
202.77777
186.28571
175.77777
263.28571
113.77777
281.28571
35.77777
254.28571
-24.22223
236.28571
-58.22223
222.28571
-102.22223
233.28571
-143.22223
237.28571
-178.22223
217.28571
-219.22223
183.28571
-253.22223
169.28571
-285.22223
183.28571
-321.22223
226.28571
-366.22223
244.28571
-418.22223
217.28571
-464.22223
152.28571
-497.22223
117.28571
-554.22223
137.28571
-641.22223
108.28571
-699.22223
39.28571
-701.22223
