51
111.90198
-384.86273
147.90198
-416.86273
195.90198
-466.86273
273.90198
-469.86273
363.90198
-348.86273
342.90198
-241.86273
294.90198
-202.86273
191.90198
-178.86273
95.90198
-138.86273
37.90198
-62.86273
16.90198
2.13727
20.90198
69.13727
50.90198
136.13727
123.90198
186.13727
227.90198
212.13727
306.90198
259.13727
339.90198
369.13727
306.90198
422.13727
236.90198
492.13727
152.90198
500.13727
46.90198
464.13727
-32.09802
520.13727
-60.09802
587.13727
-72.09802
674.13727
-142.09802
742.13727
-227.09802
731.13727
-256.09802
674.13727
-267.09802
606.13727
-230.09802
485.13727
-148.09802
407.13727
-91.09802
359.13727
-110.09802
270.13727
-151.09802
199.13727
-213.09802
126.13727
-241.09802
23.13727
-215.09802
-48.86273
-147.09802
-95.86273
-100.09802
-174.86273
-101.09802
-246.86273
-132.09802
-331.86273
-171.09802
-426.86273
-210.09802
-486.86273
-214.09802
-570.86273
-178.09802
-639.86273
-103.09802
-659.86273
-46.09802
-626.86273
-22.09802
-569.86273
-10.09802
-540.86273
-9.09802
-495.86273
8.90198
-430.86273
40.90198
-388.86273
