60
-20.70001
632.18335
-174.70001
576.18335
-205.70001
518.18335
-242.70001
413.18335
-214.70001
359.18335
-149.70001
321.18335
-52.70001
378.18335
6.29999
423.18335
78.29999
402.18335
106.29999
362.18335
96.29999
293.18335
65.29999
233.18335
11.29999
173.18335
-70.70001
89.18335
-89.70001
18.18335
-69.70001
-32.81665
0.29999
-68.81665
41.29999
-101.81665
60.29999
-151.81665
28.29999
-206.81665
-41.70001
-238.81665
-171.70001
-306.81665
-237.70001
-358.81665
-307.70001
-406.81665
-335.70001
-526.81665
-307.70001
-664.81665
-295.70001
-717.81665
-235.70001
-811.81665
-169.70001
-858.81665
-90.70001
-894.81665
-3.70001
-884.81665
31.29999
-823.81665
9.29999
-747.81665
-57.70001
-675.81665
-73.70001
-625.81665
-70.70001
-552.81665
-48.70001
-491.81665
-24.70001
-463.81665
8.29999
-438.81665
65.29999
-403.81665
146.29999
-353.81665
191.29999
-310.81665
241.29999
-188.81665
241.29999
-116.81665
219.29999
-38.81665
164.29999
18.18335
162.29999
93.18335
229.29999
172.18335
272.29999
272.18335
272.29999
388.18335
234.29999
455.18335
194.29999
565.18335
209.29999
631.18335
211.29999
747.18335
187.29999
848.18335
103.29999
943.18335
-17.70001
907.18335
-42.70001
834.18335
0.29999
752.18335
12.29999
685.18335
