REC
0,0
D
400.00000
100.00000
400.00000,100.00000
-color
t
80,95,61
SPL
13.72726,105.67045
15.22726,120.42046
21.47727,137.92046
47.97727,141.42046
75.72727,128.92046
77.72727,114.67045
62.97727,102.92045
51.47726,101.17045
41.72727,96.92045
35.72727,85.42045
23.72727,68.17046
5.47727,59.42046
-14.52273,64.17046
-31.52273,72.92046
-40.77273,82.17046
-43.02273,93.17045
-39.27273,100.42045
-31.52273,104.67045
-21.77274,104.67045
-13.02274,101.17045
-2.52273,95.67045
7.22726,96.92045
C

-color
t
77,88,69
SPL
357.29762,97.08334
353.54762,117.33334
354.04762,130.83334
359.79762,140.58334
379.79762,143.33334
394.33568,138.10163
399.04762,125.58334
397.54762,112.58333
404.29762,100.08334
416.04762,96.58333
430.04762,98.83333
440.79762,94.08333
443.04762,84.08333
434.99432,74.46202
420.04762,73.33334
395.79762,69.08334
386.02717,55.19336
373.79762,47.83334
362.04762,53.08334
359.04762,65.58334
363.29762,80.58334
C

-color
t
80,95,61
SPL
-32.17000,21.20000
-30.76932,12.71345
-28.67000,1.45000
-14.42000,-17.80000
6.26540,-16.18954
13.33646,-6.55521
19.17010,8.11726
35.34517,15.18833
50.01763,10.68052
59.12163,10.85730
67.51852,17.22126
69.10952,29.86079
60.97779,46.21264
57.53064,62.03415
47.98470,69.28200
36.75938,66.63034
27.74377,56.46568
19.08171,49.21784
0.58000,51.20000
-20.17000,63.45000
-34.17000,61.20000
-40.67000,53.20000
-42.08303,44.17970
-40.66882,37.28542
-37.17000,30.45000
C

-color
t
77,88,69
SPL
51.50000,4.76563
24.25000,1.51563
14.75000,-17.48438
24.25000,-40.48438
59.50000,-53.98438
77.50000,-42.23438
84.25000,-19.23438
86.75000,-7.98438
96.75000,0.51563
110.50000,5.51563
117.75000,15.76563
114.25000,27.51563
97.50000,32.76563
84.75000,29.51563
75.75000,18.76563
65.25000,9.26563
C

-color
t
80,95,61
SPL
77.61112,102.00000
85.61111,120.25000
100.36112,127.50000
114.86111,117.25000
116.61111,90.75000
107.86111,75.25000
81.11112,62.00000
63.36111,72.50000
64.86111,88.75000
C

-color
t
80,95,61
SPL
122.05882,93.10294
123.30882,106.85294
131.55882,117.85294
150.30882,120.85294
163.05882,111.60294
164.80882,100.10294
156.05882,85.10294
147.55882,74.35294
143.05882,56.10294
131.30882,37.85294
108.80882,31.85294
92.55882,42.10294
92.30882,55.85294
101.30882,63.60294
113.55882,65.10294
122.05882,69.85294
125.30882,81.35294
C

-color
t
80,95,61
SPL
117.18750,-1.45313
105.18750,-15.70313
111.93750,-39.45313
139.43750,-41.45313
148.18750,-32.70313
149.43750,-17.70313
152.18750,-0.45313
164.18750,10.54688
171.43750,27.54688
164.43750,40.29688
151.43750,47.04688
138.93750,41.54688
134.68750,32.54688
134.43750,22.04688
132.43750,12.04688
126.81250,5.29688
C

-color
t
77,88,69
SPL
178.05882,109.10294
179.30882,122.85294
187.55882,133.85294
206.30882,136.85294
219.05882,127.60294
220.80882,116.10294
212.05882,101.10294
203.55882,90.35294
199.05882,72.10294
187.30882,53.85294
164.80882,47.85294
148.55882,58.10294
148.30882,71.85294
157.30882,79.60294
169.55882,81.10294
178.05882,85.85294
181.30882,97.35294
C

-color
t
80,95,61
SPL
172.94643,29.53571
179.94643,39.03571
189.94643,40.28571
201.69643,32.03571
209.44643,18.78571
219.19643,2.28571
214.94643,-12.96429
204.19643,-21.96429
186.94643,-24.21429
171.19643,-29.21429
159.69643,-23.96429
157.69643,-7.21430
167.19643,6.28571
171.44643,13.78571
C

-color
t
80,95,61
SPL
213.61112,86.00000
221.61111,104.25000
236.36112,111.50000
250.86111,101.25000
252.61111,74.75000
243.86111,59.25000
217.11112,46.00000
199.36111,56.50000
200.86111,72.75000
C

-color
t
77,88,69
SPL
217.76666,28.48334
222.26666,42.98334
238.26666,49.48334
250.01666,48.48334
258.76666,48.23334
267.01666,43.98334
275.76666,38.48334
281.76666,25.48334
277.51666,14.48334
265.76666,5.48334
260.01666,-6.76666
252.26666,-18.01666
234.76666,-19.51666
224.26666,-7.01666
224.26666,12.98334
C

-color
t
80,95,61
SPL
268.94643,117.53571
275.94643,127.03571
285.94643,128.28571
297.69643,120.03571
305.44643,106.78571
315.19643,90.28571
310.94643,75.03571
300.19643,66.03571
282.94643,63.78571
267.19643,58.78571
255.69643,64.03571
253.69643,80.78570
263.19643,94.28571
267.44643,101.78571
C

-color
t
80,95,61
SPL
282.91667,16.93750
285.41667,33.43750
297.16667,43.18750
323.91667,40.68750
333.16667,20.43750
320.91667,4.18750
297.66667,-9.81250
285.16667,-23.56250
269.16667,-29.06250
259.66667,-22.06250
260.41667,-10.06250
275.16667,2.93750
C

-color
t
80,95,61
SPL
322.65909,-11.75000
308.65909,-24.00000
307.15909,-38.25000
320.40909,-49.50000
340.15909,-53.75000
349.90909,-47.25000
354.15909,-39.25000
353.90909,-30.75000
350.40909,-23.00000
347.65909,-12.00000
353.15909,0.25000
361.40909,8.25000
377.65909,18.00000
384.15909,33.00000
376.65909,42.75000
361.15909,45.00000
351.40909,42.75000
341.90909,36.00000
339.65909,23.25000
339.15909,12.50000
335.15909,3.75000
330.65909,-3.00000
C

