REC
0,0
D
100.00000
300.00000
100.00000,300.00000
-color
t
80,95,61
SPL
-5.67045,313.72726
-20.42046,315.22726
-37.92046,321.47727
-41.42046,347.97727
-28.92046,375.72727
-14.67045,377.72727
-2.92045,362.97727
-1.17045,351.47726
3.07955,341.72727
14.57955,335.72727
31.82954,323.72727
40.57954,305.47727
35.82954,285.47727
27.07954,268.47727
17.82954,259.22727
6.82955,256.97727
-0.42045,260.72727
-4.67045,268.47727
-4.67045,278.22726
-1.17045,286.97726
4.32955,297.47727
3.07955,307.22726
C

-color
t
80,95,61
SPL
75.64815,9.21296
93.14815,6.21296
101.39815,-10.28704
107.39815,-30.28704
99.64815,-48.78704
92.89815,-61.03704
84.89815,-70.53704
71.39815,-71.03704
62.64815,-60.28704
63.64815,-38.28704
61.39815,-28.28704
52.64815,-23.78704
36.89815,-22.53704
25.89815,-23.78704
8.89815,-22.78704
0.14815,-12.53704
-1.85185,-4.03704
0.64815,8.96296
4.39815,18.96296
14.14815,34.71296
25.64815,39.96296
34.14815,38.96296
40.14815,34.46296
43.14815,27.96296
46.14815,17.21296
52.89815,10.46296
64.89815,8.96296
C

-color
t
80,95,61
SPL
61.17857,301.98214
77.42857,291.48214
73.42857,264.98214
63.92857,252.23214
52.92857,233.98214
50.67857,212.48214
42.92857,192.98214
25.17857,191.48214
1.67857,221.98214
2.42857,243.48214
12.67857,255.48214
32.17857,258.98214
44.17857,273.73214
48.67857,293.73214
C

-color
t
80,95,61
SPL
-6.07353,187.52941
-19.32353,177.02941
-15.32353,150.02941
-1.57353,135.27941
18.92647,132.77941
39.17647,140.02941
50.67647,152.27941
59.92647,160.52941
75.17647,165.02941
88.42647,169.77941
94.42647,179.02941
91.42647,191.27941
80.42647,200.02941
58.42647,199.52941
43.42647,179.02941
28.92647,173.77941
8.17647,183.27941
C

-color
t
77,88,69
SPL
38.06579,127.52632
11.06579,128.02632
-4.18421,116.52631
-1.93421,100.77632
6.56579,74.02632
29.31579,42.27631
54.06579,44.52631
59.56580,58.52631
51.31579,72.77631
40.31579,82.77632
37.56579,96.02631
43.81579,106.27632
51.06579,111.02632
63.81579,120.02631
73.81579,127.27632
77.56579,139.77631
71.31579,149.27631
59.06579,150.02631
48.81579,141.02631
C

-color
t
77,88,69
SPL
60.79167,106.16667
73.54167,107.41667
89.79167,107.91667
100.79167,97.66667
111.79167,86.16667
117.79167,66.41667
108.79167,50.91667
88.54167,52.91667
76.54167,63.41667
59.79167,68.66667
52.29167,78.91667
49.29167,94.66667
C

-color
t
80,95,61
SPL
76.61112,250.00000
84.61111,268.25000
99.36112,275.50000
113.86111,265.25000
115.61111,238.75000
106.86111,223.25000
80.11112,210.00000
62.36111,220.50000
63.86111,236.75000
C

-color
t
80,95,61
SPL
84.09091,151.86364
80.59091,134.86364
80.59091,122.61364
84.84091,112.86364
97.84091,104.61365
109.84091,108.61365
114.09091,119.61365
112.34091,130.86364
113.84091,144.11364
109.34091,155.11364
93.34091,159.61364
C

-color
t
80,95,61
SPL
108.03334,212.28333
118.03334,222.28333
134.53334,223.78333
145.03334,217.28333
156.78334,211.28333
164.53334,201.28333
169.78334,191.53332
172.03334,175.53333
164.53334,165.78333
152.28334,157.53333
135.78334,161.78333
120.28334,165.78333
108.28334,175.28333
98.03334,183.53333
97.03334,198.78333
C

-color
t
80,95,61
SPL
67.83000,321.20000
69.23068,312.71345
71.33000,301.45000
85.58000,282.20000
106.26540,283.81046
113.33646,293.44479
119.17010,308.11726
135.34517,315.18833
150.01763,310.68052
159.12163,310.85730
167.51852,317.22126
169.10952,329.86079
160.97779,346.21264
157.53064,362.03415
147.98470,369.28200
136.75938,366.63034
127.74377,356.46568
119.08171,349.21784
100.58000,351.20000
79.83000,363.45000
65.83000,361.20000
59.33000,353.20000
57.91697,344.17970
59.33118,337.28542
62.83000,330.45000
C

