REC
100,0
500,100
-color
t
80,95,61
SPL
90.78704,75.64815
93.78704,93.14815
110.28704,101.39815
130.28704,107.39815
148.78704,99.64815
161.03704,92.89815
170.53704,84.89815
171.03704,71.39815
160.28704,62.64815
138.28704,63.64815
128.28704,61.39815
123.78704,52.64815
122.53704,36.89815
123.78704,25.89815
122.78704,8.89815
112.53704,0.14815
104.03704,-1.85185
91.03704,0.64815
81.03704,4.39815
65.28704,14.14815
60.03704,25.64815
61.03704,34.14815
65.53704,40.14815
72.03704,43.14815
82.78704,46.14815
89.53704,52.89815
91.03704,64.89815
C

-color
t
80,95,61
SPL
75.64815,109.21296
93.14815,106.21296
101.39815,89.71296
107.39815,69.71296
99.64815,51.21296
92.89815,38.96296
84.89815,29.46296
71.39815,28.96296
62.64815,39.71296
63.64815,61.71296
61.39815,71.71296
52.64815,76.21296
36.89815,77.46296
25.89815,76.21296
8.89815,77.21296
0.14815,87.46296
-1.85185,95.96296
0.64815,108.96296
4.39815,118.96296
14.14815,134.71296
25.64815,139.96296
34.14815,138.96296
40.14815,134.46296
43.14815,127.96296
46.14815,117.21296
52.89815,110.46296
64.89815,108.96296
C

-color
t
80,95,61
SPL
465.93750,48.66666
450.93750,32.66666
459.43750,2.66666
492.43750,-10.58334
519.93750,2.91666
523.43750,30.91666
512.68750,54.16667
509.68750,75.91666
500.93750,95.66666
484.18750,101.66666
468.93750,90.16666
467.43750,70.66666
C

-color
t
80,95,61
SPL
149.56818,130.04546
171.56818,139.29546
191.56818,138.04546
200.31818,127.04546
206.81818,96.04545
202.56818,82.79546
184.31818,78.29546
173.31818,84.54546
165.06818,93.04545
152.06818,98.54545
142.06818,113.04545
C

-color
t
77,88,69
SPL
212.55681,134.07955
212.55681,151.32954
218.80681,167.82954
232.55682,174.57954
255.55681,176.07954
277.05682,168.57954
288.55682,151.82954
287.80682,139.82954
269.30681,129.57955
257.80681,127.57955
249.80682,123.07955
242.30681,116.07955
240.05682,107.07955
245.80682,88.82954
245.30682,76.32954
237.30682,66.32954
219.80681,66.57954
213.05681,78.57954
214.80681,95.57954
212.05681,105.07954
208.05681,114.32955
208.80681,125.07955
C

-color
t
77,88,69
SPL
307.17857,173.98214
323.42857,163.48214
319.42857,136.98214
309.92857,124.23214
298.92857,105.98214
296.67857,84.48214
288.92857,64.98214
271.17857,63.48214
247.67857,93.98214
248.42857,115.48214
258.67857,127.48214
278.17857,130.98214
290.17857,145.73214
294.67857,165.73214
C

-color
t
77,88,69
SPL
322.08333,127.63888
331.33333,131.13889
348.08333,126.63888
357.40503,110.95583
353.78003,99.20583
340.53003,93.08083
327.53003,96.33083
320.03003,108.58083
318.28003,119.70583
C

-color
t
80,95,61
SPL
317.25000,111.54167
316.25000,131.29167
333.75000,144.29167
355.75000,140.54167
365.50000,128.29167
366.75000,113.54167
373.75000,104.04167
386.50000,100.29167
397.50000,94.04167
400.00000,82.79167
393.75000,75.04167
377.75000,74.54167
350.25000,71.29167
337.75000,61.04167
309.50000,53.29167
298.25000,67.04167
303.00000,82.54167
314.50000,94.29167
C

-color
t
80,95,61
SPL
404.35938,119.46875
404.35938,134.46875
412.10938,147.21875
427.85938,154.71875
449.35938,154.21875
472.10938,147.21875
489.35938,140.21875
492.60938,126.46875
483.85938,116.46875
458.10938,114.46875
444.60938,106.21875
437.35938,89.21875
427.10938,83.46875
411.60938,88.96875
406.35938,98.46875
403.35938,110.46875
C

-color
t
80,95,61
SPL
133.80000,4.99001
125.55000,22.99001
123.05000,42.74001
129.55000,53.74001
139.05000,61.99001
150.55000,61.24001
157.80000,53.99001
157.05000,42.74001
151.55000,29.99001
149.05000,14.74000
155.30000,5.74000
163.55000,2.24001
171.30000,-0.50999
177.55000,-6.51000
179.05000,-14.75999
173.05000,-23.50999
161.05000,-26.00999
141.80000,-26.50999
129.55000,-37.75999
109.30000,-47.00999
96.05000,-38.00999
96.05000,-26.25999
106.80000,-19.00999
124.05000,-18.00999
133.80000,-11.75999
C

-color
t
80,95,61
SPL
156.41072,10.21429
131.41072,-8.78571
137.91072,-41.28571
162.16072,-56.03571
183.91072,-50.03571
188.16072,-29.53571
183.41072,-14.03571
179.91072,-0.53571
185.91072,10.21429
191.66072,17.96429
192.91072,30.46429
186.66072,38.46429
174.66072,38.71429
164.66072,30.46429
C

-color
t
77,88,69
SPL
196.31250,25.82813
191.06250,42.32813
191.56250,57.57813
202.56250,64.57813
218.06250,63.32813
226.31250,54.82813
230.31250,43.32813
241.06250,35.07813
254.06250,33.82813
266.81250,26.82813
268.81250,13.32813
256.56250,1.32813
230.31250,1.82813
211.81250,-3.92188
199.06250,1.07813
194.31250,13.32813
C

-color
t
80,95,61
SPL
277.44118,21.92647
264.94118,38.67647
267.44118,56.92647
285.69118,62.67647
304.94118,55.17647
313.19118,41.92647
315.44118,28.42647
310.19118,17.17647
303.19118,3.67647
288.44118,-10.57353
280.69118,-24.57353
257.19118,-33.07353
233.19118,-23.82353
232.44118,-10.07353
246.69118,-1.57353
265.44118,-4.82353
278.19118,1.42647
C

-color
t
80,95,61
SPL
296.53947,-8.38158
289.03947,-18.38158
284.78947,-31.38158
295.28947,-49.63158
317.03948,-55.38158
334.78948,-52.63158
341.03948,-42.13158
339.78948,-24.88158
333.78947,-7.88158
337.28948,6.36842
345.03947,13.61842
356.53947,24.61842
359.78947,44.11842
348.78947,54.36842
333.03947,50.86842
327.03947,38.61842
322.53947,22.86842
318.28947,7.11842
308.03947,-3.38158
C

-color
t
80,95,61
SPL
361.08333,27.63888
370.33333,31.13889
387.08333,26.63888
396.40503,10.95583
392.78003,-0.79417
379.53003,-6.91917
366.53003,-3.66917
359.03003,8.58083
357.28003,19.70583
C

-color
t
80,95,61
SPL
350.96153,14.26923
318.46153,24.26923
317.46153,45.01923
330.46153,54.51923
374.46153,56.01923
411.71153,46.76923
436.21153,30.51923
441.21153,17.51923
433.96153,6.76923
411.71153,2.01923
400.21153,-4.23077
379.21153,-8.98077
360.21153,1.01923
C

