REC
0,0
D
400.00000
300.00000
400.00000,300.00000
-color
t
77,88,69
SPL
-39.20833,106.16667
-26.45833,107.41667
-10.20833,107.91667
0.79167,97.66667
11.79167,86.16667
17.79167,66.41667
8.79167,50.91667
-11.45833,52.91667
-23.45833,63.41667
-40.20833,68.66667
-47.70833,78.91667
-50.70833,94.66667
C

-color
t
80,95,61
SPL
-23.38888,250.00000
-15.38889,268.25000
-0.63888,275.50000
13.86111,265.25000
15.61111,238.75000
6.86111,223.25000
-19.88888,210.00000
-37.63889,220.50000
-36.13889,236.75000
C

-color
t
80,95,61
SPL
-15.90909,151.86364
-19.40909,134.86364
-19.40909,122.61364
-15.15909,112.86364
-2.15909,104.61365
9.84091,108.61365
14.09091,119.61365
12.34091,130.86364
13.84091,144.11364
9.34091,155.11364
-6.65909,159.61364
C

-color
t
77,88,69
SPL
16.09091,215.86364
12.59091,198.86364
12.59091,186.61364
16.84091,176.86364
29.84091,168.61365
41.84091,172.61365
46.09091,183.61365
44.34091,194.86364
45.84091,208.11364
41.34091,219.11364
25.34091,223.61364
C

-color
t
80,95,61
SPL
8.03334,212.28333
18.03334,222.28333
34.53334,223.78333
45.03334,217.28333
56.78334,211.28333
64.53334,201.28333
69.78334,191.53332
72.03334,175.53333
64.53334,165.78333
52.28334,157.53333
35.78334,161.78333
20.28334,165.78333
8.28334,175.28333
-1.96666,183.53333
-2.96666,198.78333
C

-color
t
80,95,61
SPL
24.08333,151.63888
33.33333,155.13889
50.08333,150.63888
59.40503,134.95583
55.78003,123.20583
42.53003,117.08083
29.53003,120.33083
22.03003,132.58083
20.28003,143.70583
C

-color
t
80,95,61
SPL
24.61112,66.00000
32.61111,84.25000
47.36112,91.50000
61.86111,81.25000
63.61111,54.75000
54.86111,39.25000
28.11112,26.00000
10.36111,36.50000
11.86111,52.75000
C

-color
t
80,95,61
SPL
414.06250,191.21875
392.81250,186.96875
385.81250,168.21875
387.31250,153.71875
411.81250,129.46875
441.06250,128.21875
450.31250,140.71875
452.31250,153.96875
457.81250,163.21875
476.81250,171.21875
484.81250,184.96875
481.56250,196.96875
469.81250,201.21875
455.81250,193.96875
444.31250,183.46875
426.81250,184.71875
C

-color
t
80,95,61
SPL
424.23611,96.95833
415.98611,80.95834
400.23611,71.95834
379.48611,82.95834
374.98611,98.70833
381.23611,114.70833
401.48611,123.20834
425.23612,122.95834
441.48612,124.45834
461.98611,136.95834
485.48611,135.45834
493.98611,129.45834
501.48611,120.20833
500.48611,101.70833
488.73611,91.45833
470.73611,89.45834
454.48612,97.95833
441.73611,103.45833
C

-color
t
80,95,61
SPL
-32.17000,321.20000
-30.76932,312.71345
-28.67000,301.45000
-14.42000,282.20000
6.26540,283.81046
13.33646,293.44479
19.17010,308.11726
35.34517,315.18833
50.01763,310.68052
59.12163,310.85730
67.51852,317.22126
69.10952,329.86079
60.97779,346.21264
57.53064,362.03415
47.98470,369.28200
36.75938,366.63034
27.74377,356.46568
19.08171,349.21784
0.58000,351.20000
-20.17000,363.45000
-34.17000,361.20000
-40.67000,353.20000
-42.08303,344.17970
-40.66882,337.28542
-37.17000,330.45000
C

-color
t
77,88,69
SPL
51.50000,304.76563
24.25000,301.51563
14.75000,282.51563
24.25000,259.51563
59.50000,246.01563
77.50000,257.76563
84.25000,280.76563
86.75000,292.01563
96.75000,300.51563
110.50000,305.51563
117.75000,315.76563
114.25000,327.51563
97.50000,332.76563
84.75000,329.51563
75.75000,318.76563
65.25000,309.26563
C

-color
t
80,95,61
SPL
117.18750,298.54688
105.18750,284.29688
111.93750,260.54688
139.43750,258.54688
148.18750,267.29688
149.43750,282.29688
152.18750,299.54688
164.18750,310.54688
171.43750,327.54688
164.43750,340.29688
151.43750,347.04688
138.93750,341.54688
134.68750,332.54688
134.43750,322.04688
132.43750,312.04688
126.81250,305.29688
C

-color
t
80,95,61
SPL
172.94643,329.53571
179.94643,339.03571
189.94643,340.28571
201.69643,332.03571
209.44643,318.78571
219.19643,302.28571
214.94643,287.03571
204.19643,278.03571
186.94643,275.78571
171.19643,270.78571
159.69643,276.03571
157.69643,292.78570
167.19643,306.28571
171.44643,313.78571
C

-color
t
77,88,69
SPL
217.76666,328.48334
222.26666,342.98334
238.26666,349.48334
250.01666,348.48334
258.76666,348.23334
267.01666,343.98334
275.76666,338.48334
281.76666,325.48334
277.51666,314.48334
265.76666,305.48334
260.01666,293.23334
252.26666,281.98334
234.76666,280.48334
224.26666,292.98334
224.26666,312.98334
C

-color
t
80,95,61
SPL
282.91667,316.93750
285.41667,333.43750
297.16667,343.18750
323.91667,340.68750
333.16667,320.43750
320.91667,304.18750
297.66667,290.18750
285.16667,276.43750
269.16667,270.93750
259.66667,277.93750
260.41667,289.93750
275.16667,302.93750
C

-color
t
80,95,61
SPL
322.65909,288.25000
308.65909,276.00000
307.15909,261.75000
320.40909,250.50000
340.15909,246.25000
349.90909,252.75000
354.15909,260.75000
353.90909,269.25000
350.40909,277.00000
347.65909,288.00000
353.15909,300.25000
361.40909,308.25000
377.65909,318.00000
384.15909,333.00000
376.65909,342.75000
361.15909,345.00000
351.40909,342.75000
341.90909,336.00000
339.65909,323.25000
339.15909,312.50000
335.15909,303.75000
330.65909,297.00000
C

-color
t
77,88,69
SPL
15.42308,141.73077
28.42308,159.73077
44.17308,157.98077
56.17308,151.98077
71.17308,152.98077
83.67308,146.48077
88.17308,132.98077
81.17308,122.48077
61.92308,117.23077
50.92308,109.48077
40.67308,106.98077
26.67308,111.73077
13.92308,122.98077
C

-color
t
80,95,61
SPL
49.56818,30.04546
71.56818,39.29546
91.56818,38.04546
100.31818,27.04546
106.81818,-3.95455
102.56818,-17.20454
84.31818,-21.70454
73.31818,-15.45454
65.06818,-6.95455
52.06818,-1.45455
42.06818,13.04545
C

-color
t
80,95,61
SPL
78.08333,227.63888
87.33333,231.13889
104.08333,226.63888
113.40503,210.95583
109.78003,199.20583
96.53003,193.08083
83.53003,196.33083
76.03003,208.58083
74.28003,219.70583
C

-color
t
77,88,69
SPL
68.19118,84.88971
64.56618,74.51471
67.44118,60.38971
79.44118,48.26471
92.69118,42.76471
107.94118,47.76471
111.94118,61.01471
110.44118,74.01471
110.19118,84.26471
116.19118,103.13971
114.81618,117.26471
103.69118,125.01471
83.19118,121.88971
70.69118,117.88971
65.94118,109.13971
66.69118,101.51471
68.94118,94.38971
C

-color
t
80,95,61
SPL
72.86250,197.46250
65.61250,214.96250
70.86250,234.96250
86.11250,244.96250
103.36250,240.71250
117.36250,233.46250
121.11250,222.46250
119.11250,210.21250
117.86250,198.71250
124.36250,187.96250
138.36250,175.71250
145.61250,164.71250
144.11250,148.71250
134.86250,139.46250
118.61250,142.21250
109.61250,150.96250
102.61250,162.46250
90.11250,168.71250
81.61250,175.96250
77.86250,184.71250
C

-color
t
80,95,61
SPL
118.08333,59.63888
127.33333,63.13889
144.08333,58.63888
153.40503,42.95583
149.78003,31.20583
136.53003,25.08083
123.53003,28.33083
116.03003,40.58083
114.28003,51.70583
C

-color
t
80,95,61
SPL
118.92500,198.07500
133.42500,213.57500
156.17500,209.82500
163.17500,186.32500
174.92500,162.32500
173.17500,143.57500
159.67500,131.07500
119.67500,119.32500
97.67500,135.57500
88.92500,166.07500
C

-color
t
77,88,69
SPL
112.55681,34.07955
112.55681,51.32954
118.80681,67.82954
132.55682,74.57954
155.55681,76.07954
177.05682,68.57954
188.55682,51.82954
187.80682,39.82954
169.30681,29.57955
157.80681,27.57955
149.80682,23.07955
142.30681,16.07955
140.05682,7.07955
145.80682,-11.17046
145.30682,-23.67046
137.30682,-33.67046
119.80681,-33.42046
113.05681,-21.42046
114.80681,-4.42046
112.05681,5.07954
108.05681,14.32955
108.80681,25.07955
C

-color
t
80,95,61
SPL
152.69444,230.23612
144.94444,244.98611
149.69444,262.98611
167.69444,268.98611
185.94444,267.98611
199.69444,261.23611
202.19444,247.98611
199.44444,235.48612
196.44444,226.23611
193.44444,214.73611
199.44444,201.23611
202.94444,185.98611
198.19444,175.48611
186.44444,171.48611
169.69444,177.23611
162.69444,191.48611
160.94444,204.48611
158.19444,218.23611
C

-color
t
80,95,61
SPL
166.39063,84.68750
174.89063,90.18750
189.14063,100.43750
208.14063,98.93750
220.64063,105.93750
222.64063,117.68750
215.14063,128.43750
200.39063,132.43750
180.39063,131.43750
171.89063,125.18750
160.14063,121.18750
146.39063,121.43750
135.39063,114.93750
133.89063,102.93750
142.14063,92.43750
155.14063,83.68750
C

-color
t
77,88,69
SPL
207.17857,73.98214
223.42857,63.48214
219.42857,36.98214
209.92857,24.23214
198.92857,5.98214
196.67857,-15.51786
188.92857,-35.01786
171.17857,-36.51786
147.67857,-6.01786
148.42857,15.48214
158.67857,27.48214
178.17857,30.98214
190.17857,45.73214
194.67857,65.73214
C

-color
t
80,95,61
SPL
215.85001,235.35000
202.85000,248.35000
200.60000,265.10000
214.35001,274.60000
234.10001,279.35000
244.85000,270.85000
246.10000,259.60000
242.10001,249.60000
239.10001,237.35000
243.60000,218.60000
240.85001,201.10000
230.35000,194.60000
220.35001,198.10000
216.60001,208.60000
219.60001,223.35000
C

-color
t
80,95,61
SPL
219.87500,135.14286
228.12500,142.39286
239.62500,149.89286
257.12500,146.89286
267.37500,146.39286
278.62500,155.14286
279.12500,171.39286
264.37500,184.64286
240.87500,187.64286
218.62500,179.89286
203.87500,171.39286
199.12500,157.14286
198.87500,141.89286
209.37500,133.39286
C

-color
t
80,95,61
SPL
222.61112,110.00000
230.61111,128.25000
245.36112,135.50000
259.86111,125.25000
261.61111,98.75000
252.86111,83.25000
226.11112,70.00000
208.36111,80.50000
209.86111,96.75000
C

-color
t
77,88,69
SPL
222.08333,27.63888
231.33333,31.13889
248.08333,26.63888
257.40503,10.95583
253.78003,-0.79417
240.53003,-6.91917
227.53003,-3.66917
220.03003,8.58083
218.28003,19.70583
C

-color
t
80,95,61
SPL
217.25000,11.54167
216.25000,31.29167
233.75000,44.29167
255.75000,40.54167
265.50000,28.29167
266.75000,13.54167
273.75000,4.04167
286.50000,0.29167
297.50000,-5.95833
300.00000,-17.20833
293.75000,-24.95833
277.75000,-25.45833
250.25000,-28.70833
237.75000,-38.95833
209.50000,-46.70833
198.25000,-32.95833
203.00000,-17.45833
214.50000,-5.70833
C

-color
t
80,95,61
SPL
246.14584,217.27084
241.89584,242.27083
249.14584,257.77084
272.39583,266.77084
288.14583,266.02084
306.89584,258.77084
310.89584,243.02083
305.39584,231.27083
291.14584,227.02083
276.14584,221.27084
267.14584,212.52084
254.89584,209.27084
C

-color
t
77,88,69
SPL
270.08333,131.63888
279.33333,135.13889
296.08333,130.63888
305.40503,114.95583
301.78003,103.20583
288.53003,97.08083
275.53003,100.33083
268.03003,112.58083
266.28003,123.70583
C

-color
t
80,95,61
SPL
264.88043,81.61957
254.88043,73.61957
248.88043,63.86957
249.88043,52.36957
254.88043,42.61957
262.88043,34.61957
274.63043,32.36957
284.13043,35.86957
299.63043,37.86957
311.13043,47.86957
311.13043,62.36957
304.88043,75.36957
304.38043,91.11957
319.63043,113.61957
320.13043,127.61957
309.13043,137.11957
295.88043,138.86957
284.88043,142.11957
273.38043,138.61957
263.63043,125.36957
263.88043,111.11957
269.38043,100.36957
269.63043,89.36957
C

-color
t
80,95,61
SPL
278.08333,219.63888
287.33333,223.13889
304.08333,218.63888
313.40503,202.95583
309.78003,191.20583
296.53003,185.08083
283.53003,188.33083
276.03003,200.58083
274.28003,211.70583
C

-color
t
80,95,61
SPL
301.86363,228.36363
318.36363,239.36363
336.11363,234.61363
344.86363,217.36363
356.86363,202.11363
353.36363,181.36363
327.36363,169.61363
290.61363,178.36363
271.61363,191.86363
273.36363,206.86363
283.86363,224.61363
C

-color
t
77,88,69
SPL
310.08333,99.63888
319.33333,103.13889
336.08333,98.63888
345.40503,82.95583
341.78003,71.20583
328.53003,65.08083
315.53003,68.33083
308.03003,80.58083
306.28003,91.70583
C

-color
t
80,95,61
SPL
310.08333,43.63888
319.33333,47.13889
336.08333,42.63888
345.40503,26.95583
341.78003,15.20583
328.53003,9.08083
315.53003,12.33083
308.03003,24.58083
306.28003,35.70583
C

-color
t
80,95,61
SPL
304.35938,19.46875
304.35938,34.46875
312.10938,47.21875
327.85938,54.71875
349.35938,54.21875
372.10938,47.21875
389.35938,40.21875
392.60938,26.46875
383.85938,16.46875
358.10938,14.46875
344.60938,6.21875
337.35938,-10.78125
327.10938,-16.53125
311.60938,-11.03125
306.35938,-1.53125
303.35938,10.46875
C

-color
t
77,88,69
SPL
357.82500,267.82500
366.82500,288.07500
394.32500,288.57500
408.32500,270.07500
399.82500,248.07500
400.07500,217.07500
379.07500,206.07500
354.32500,213.32500
344.82500,226.32500
348.57500,242.32500
C

-color
t
80,95,61
SPL
358.08333,155.63888
367.33333,159.13889
384.08333,154.63888
393.40503,138.95583
389.78003,127.20583
376.53003,121.08083
363.53003,124.33083
356.03003,136.58083
354.28003,147.70583
C

