REC
0,0
D
100.00000
300.00000
100.00000,300.00000
-color
t
77,88,69
SPL
97.08334,342.70238
117.33334,346.45238
130.83334,345.95238
140.58334,340.20238
143.33334,320.20238
138.10163,305.66432
125.58334,300.95238
112.58333,302.45238
100.08334,295.70238
96.58333,283.95238
98.83333,269.95238
94.08333,259.20238
84.08333,256.95238
74.46202,265.00568
73.33334,279.95238
69.08334,304.20238
55.19336,313.97283
47.83334,326.20238
53.08334,337.95238
65.58334,340.95238
80.58334,336.70238
C

-color
t
80,95,61
SPL
51.33334,-34.06250
67.33334,-49.06250
97.33334,-40.56250
110.58334,-7.56250
97.08334,19.93750
69.08334,23.43750
45.83333,12.68750
24.08334,9.68750
4.33334,0.93750
-1.66666,-15.81250
9.83334,-31.06250
29.33334,-32.56250
C

-color
t
77,88,69
SPL
18.84091,242.69318
9.59091,233.19319
8.34091,215.94318
26.34091,193.44318
45.66476,191.19928
53.91477,204.69928
50.09091,223.44318
48.50397,236.40422
53.63049,245.06628
60.34801,252.49090
66.96591,262.44318
67.21591,271.19318
61.40867,282.71972
59.28735,293.67987
55.71591,303.56818
48.09091,310.69318
33.71591,310.69318
24.46591,301.44318
24.34091,289.94319
28.09091,281.19319
31.34091,270.69318
29.84091,260.44319
C

-color
t
80,95,61
SPL
14.06250,191.21875
-7.18750,186.96875
-14.18750,168.21875
-12.68750,153.71875
11.81250,129.46875
41.06250,128.21875
50.31250,140.71875
52.31250,153.96875
57.81250,163.21875
76.81250,171.21875
84.81250,184.96875
81.56250,196.96875
69.81250,201.21875
55.81250,193.96875
44.31250,183.46875
26.81250,184.71875
C

-color
t
80,95,61
SPL
24.23611,96.95833
15.98611,80.95834
0.23611,71.95834
-20.51389,82.95834
-25.01389,98.70833
-18.76389,114.70833
1.48611,123.20834
25.23612,122.95834
41.48612,124.45834
61.98611,136.95834
85.48611,135.45834
93.98611,129.45834
101.48611,120.20833
100.48611,101.70833
88.73611,91.45833
70.73611,89.45834
54.48612,97.95833
41.73611,103.45833
C

-color
t
77,88,69
SPL
19.41667,77.61667
31.91667,90.86667
50.16667,90.36667
58.41667,80.61667
63.16667,68.86667
75.91667,59.36667
79.66667,51.36667
78.41667,38.36667
67.91667,30.36667
48.66667,32.61667
32.91667,29.36667
23.66667,29.86667
7.41667,35.36667
-4.33333,52.86667
1.66667,69.61667
C

-color
t
80,95,61
SPL
117.17857,285.98214
133.42857,275.48214
129.42857,248.98214
119.92857,236.23214
108.92857,217.98214
106.67857,196.48214
98.92857,176.98214
81.17857,175.48214
57.67857,205.98214
58.42857,227.48214
68.67857,239.48214
88.17857,242.98214
100.17857,257.73214
104.67857,277.73214
C

-color
t
80,95,61
SPL
92.09091,87.86364
88.59091,70.86364
88.59091,58.61364
92.84091,48.86364
105.84091,40.61365
117.84091,44.61365
122.09091,55.61365
120.34091,66.86364
121.84091,80.11364
117.34091,91.11364
101.34091,95.61364
C

-color
t
80,95,61
SPL
100.08333,167.63888
109.33333,171.13889
126.08333,166.63888
135.40503,150.95583
131.78003,139.20583
118.53003,133.08083
105.53003,136.33083
98.03003,148.58083
96.28003,159.70583
C

-color
t
77,88,69
SPL
95.50000,162.02084
107.00000,177.02084
128.25000,177.27084
140.00000,170.02084
142.75000,156.77083
142.50000,137.77083
155.75000,120.77084
156.50000,101.77084
141.25000,96.02084
108.00000,118.77084
96.50000,136.27083
92.25000,149.27083
C

-color
t
77,88,69
SPL
-42.17500,267.82500
-33.17500,288.07500
-5.67500,288.57500
8.32500,270.07500
-0.17500,248.07500
0.07500,217.07500
-20.92500,206.07500
-45.67500,213.32500
-55.17500,226.32500
-51.42500,242.32500
C

