REC
0,0
D
400.00000
100.00000
400.00000,100.00000
-color
t
80,95,61
SPL
-9.21296,75.64815
-6.21296,93.14815
10.28704,101.39815
30.28704,107.39815
48.78704,99.64815
61.03704,92.89815
70.53704,84.89815
71.03704,71.39815
60.28704,62.64815
38.28704,63.64815
28.28704,61.39815
23.78704,52.64815
22.53704,36.89815
23.78704,25.89815
22.78704,8.89815
12.53704,0.14815
4.03704,-1.85185
-8.96296,0.64815
-18.96296,4.39815
-34.71296,14.14815
-39.96296,25.64815
-38.96296,34.14815
-34.46296,40.14815
-27.96296,43.14815
-17.21296,46.14815
-10.46296,52.89815
-8.96296,64.89815
C

-color
t
80,95,61
SPL
-24.35185,109.21296
-6.85185,106.21296
1.39815,89.71296
7.39815,69.71296
-0.35185,51.21296
-7.10185,38.96296
-15.10185,29.46296
-28.60185,28.96296
-37.35185,39.71296
-36.35185,61.71296
-38.60185,71.71296
-47.35185,76.21296
-63.10185,77.46296
-74.10185,76.21296
-91.10185,77.21296
-99.85185,87.46296
-101.85185,95.96296
-99.35185,108.96296
-95.60185,118.96296
-85.85185,134.71296
-74.35185,139.96296
-65.85185,138.96296
-59.85185,134.46296
-56.85185,127.96296
-53.85185,117.21296
-47.10185,110.46296
-35.10185,108.96296
C

-color
t
80,95,61
SPL
365.93750,48.66666
350.93750,32.66666
359.43750,2.66666
392.43750,-10.58334
419.93750,2.91666
423.43750,30.91666
412.68750,54.16667
409.68750,75.91666
400.93750,95.66666
384.18750,101.66666
368.93750,90.16666
367.43750,70.66666
C

-color
t
80,95,61
SPL
49.56818,130.04546
71.56818,139.29546
91.56818,138.04546
100.31818,127.04546
106.81818,96.04545
102.56818,82.79546
84.31818,78.29546
73.31818,84.54546
65.06818,93.04545
52.06818,98.54545
42.06818,113.04545
C

-color
t
77,88,69
SPL
112.55681,134.07955
112.55681,151.32954
118.80681,167.82954
132.55682,174.57954
155.55681,176.07954
177.05682,168.57954
188.55682,151.82954
187.80682,139.82954
169.30681,129.57955
157.80681,127.57955
149.80682,123.07955
142.30681,116.07955
140.05682,107.07955
145.80682,88.82954
145.30682,76.32954
137.30682,66.32954
119.80681,66.57954
113.05681,78.57954
114.80681,95.57954
112.05681,105.07954
108.05681,114.32955
108.80681,125.07955
C

-color
t
77,88,69
SPL
207.17857,173.98214
223.42857,163.48214
219.42857,136.98214
209.92857,124.23214
198.92857,105.98214
196.67857,84.48214
188.92857,64.98214
171.17857,63.48214
147.67857,93.98214
148.42857,115.48214
158.67857,127.48214
178.17857,130.98214
190.17857,145.73214
194.67857,165.73214
C

-color
t
77,88,69
SPL
222.08333,127.63888
231.33333,131.13889
248.08333,126.63888
257.40503,110.95583
253.78003,99.20583
240.53003,93.08083
227.53003,96.33083
220.03003,108.58083
218.28003,119.70583
C

-color
t
80,95,61
SPL
217.25000,111.54167
216.25000,131.29167
233.75000,144.29167
255.75000,140.54167
265.50000,128.29167
266.75000,113.54167
273.75000,104.04167
286.50000,100.29167
297.50000,94.04167
300.00000,82.79167
293.75000,75.04167
277.75000,74.54167
250.25000,71.29167
237.75000,61.04167
209.50000,53.29167
198.25000,67.04167
203.00000,82.54167
214.50000,94.29167
C

-color
t
80,95,61
SPL
304.35938,119.46875
304.35938,134.46875
312.10938,147.21875
327.85938,154.71875
349.35938,154.21875
372.10938,147.21875
389.35938,140.21875
392.60938,126.46875
383.85938,116.46875
358.10938,114.46875
344.60938,106.21875
337.35938,89.21875
327.10938,83.46875
311.60938,88.96875
306.35938,98.46875
303.35938,110.46875
C

-color
t
80,95,61
SPL
33.80000,4.99001
25.55000,22.99001
23.05000,42.74001
29.55000,53.74001
39.05000,61.99001
50.55000,61.24001
57.80000,53.99001
57.05000,42.74001
51.55000,29.99001
49.05000,14.74000
55.30000,5.74000
63.55000,2.24001
71.30000,-0.50999
77.55000,-6.51000
79.05000,-14.75999
73.05000,-23.50999
61.05000,-26.00999
41.80000,-26.50999
29.55000,-37.75999
9.30000,-47.00999
-3.95000,-38.00999
-3.95000,-26.25999
6.80000,-19.00999
24.05000,-18.00999
33.80000,-11.75999
C

-color
t
80,95,61
SPL
56.41072,10.21429
31.41072,-8.78571
37.91072,-41.28571
62.16072,-56.03571
83.91072,-50.03571
88.16072,-29.53571
83.41072,-14.03571
79.91072,-0.53571
85.91072,10.21429
91.66072,17.96429
92.91072,30.46429
86.66072,38.46429
74.66072,38.71429
64.66072,30.46429
C

-color
t
77,88,69
SPL
96.31250,25.82813
91.06250,42.32813
91.56250,57.57813
102.56250,64.57813
118.06250,63.32813
126.31250,54.82813
130.31250,43.32813
141.06250,35.07813
154.06250,33.82813
166.81250,26.82813
168.81250,13.32813
156.56250,1.32813
130.31250,1.82813
111.81250,-3.92188
99.06250,1.07813
94.31250,13.32813
C

-color
t
80,95,61
SPL
177.44118,21.92647
164.94118,38.67647
167.44118,56.92647
185.69118,62.67647
204.94118,55.17647
213.19118,41.92647
215.44118,28.42647
210.19118,17.17647
203.19118,3.67647
188.44118,-10.57353
180.69118,-24.57353
157.19118,-33.07353
133.19118,-23.82353
132.44118,-10.07353
146.69118,-1.57353
165.44118,-4.82353
178.19118,1.42647
C

-color
t
80,95,61
SPL
196.53947,-8.38158
189.03947,-18.38158
184.78947,-31.38158
195.28947,-49.63158
217.03948,-55.38158
234.78948,-52.63158
241.03948,-42.13158
239.78948,-24.88158
233.78947,-7.88158
237.28948,6.36842
245.03947,13.61842
256.53947,24.61842
259.78947,44.11842
248.78947,54.36842
233.03947,50.86842
227.03947,38.61842
222.53947,22.86842
218.28947,7.11842
208.03947,-3.38158
C

-color
t
80,95,61
SPL
261.08333,27.63888
270.33333,31.13889
287.08333,26.63888
296.40503,10.95583
292.78003,-0.79417
279.53003,-6.91917
266.53003,-3.66917
259.03003,8.58083
257.28003,19.70583
C

-color
t
80,95,61
SPL
250.96153,14.26923
218.46153,24.26923
217.46153,45.01923
230.46153,54.51923
274.46153,56.01923
311.71153,46.76923
336.21153,30.51923
341.21153,17.51923
333.96153,6.76923
311.71153,2.01923
300.21153,-4.23077
279.21153,-8.98077
260.21153,1.01923
C

