REC
100,400
500,500
-color
t
80,95,61
SPL
113.72726,505.67045
115.22726,520.42046
121.47727,537.92046
147.97727,541.42046
175.72727,528.92046
177.72727,514.67045
162.97727,502.92045
151.47726,501.17045
141.72727,496.92045
135.72727,485.42045
123.72727,468.17046
105.47727,459.42046
85.47727,464.17046
68.47727,472.92046
59.22727,482.17046
56.97727,493.17045
60.72727,500.42045
68.47727,504.67045
78.22726,504.67045
86.97726,501.17045
97.47727,495.67045
107.22726,496.92045
C

-color
t
77,88,69
SPL
457.29762,497.08334
453.54762,517.33334
454.04762,530.83334
459.79762,540.58334
479.79762,543.33334
494.33568,538.10163
499.04762,525.58334
497.54762,512.58333
504.29762,500.08334
516.04762,496.58333
530.04762,498.83333
540.79762,494.08333
543.04762,484.08333
534.99432,474.46202
520.04762,473.33334
495.79762,469.08334
486.02717,455.19336
473.79762,447.83334
462.04762,453.08334
459.04762,465.58334
463.29762,480.58334
C

-color
t
80,95,61
SPL
67.83000,421.20000
69.23068,412.71345
71.33000,401.45000
85.58000,382.20000
106.26540,383.81046
113.33646,393.44479
119.17010,408.11726
135.34517,415.18833
150.01763,410.68052
159.12163,410.85730
167.51852,417.22126
169.10952,429.86079
160.97779,446.21264
157.53064,462.03415
147.98470,469.28200
136.75938,466.63034
127.74377,456.46568
119.08171,449.21784
100.58000,451.20000
79.83000,463.45000
65.83000,461.20000
59.33000,453.20000
57.91697,444.17970
59.33118,437.28542
62.83000,430.45000
C

-color
t
77,88,69
SPL
151.50000,404.76563
124.25000,401.51563
114.75000,382.51563
124.25000,359.51563
159.50000,346.01563
177.50000,357.76563
184.25000,380.76563
186.75000,392.01563
196.75000,400.51563
210.50000,405.51563
217.75000,415.76563
214.25000,427.51563
197.50000,432.76563
184.75000,429.51563
175.75000,418.76563
165.25000,409.26563
C

-color
t
80,95,61
SPL
177.61112,502.00000
185.61111,520.25000
200.36112,527.50000
214.86111,517.25000
216.61111,490.75000
207.86111,475.25000
181.11112,462.00000
163.36111,472.50000
164.86111,488.75000
C

-color
t
80,95,61
SPL
222.05882,493.10294
223.30882,506.85294
231.55882,517.85294
250.30882,520.85294
263.05882,511.60294
264.80882,500.10294
256.05882,485.10294
247.55882,474.35294
243.05882,456.10294
231.30882,437.85294
208.80882,431.85294
192.55882,442.10294
192.30882,455.85294
201.30882,463.60294
213.55882,465.10294
222.05882,469.85294
225.30882,481.35294
C

-color
t
80,95,61
SPL
217.18750,398.54688
205.18750,384.29688
211.93750,360.54688
239.43750,358.54688
248.18750,367.29688
249.43750,382.29688
252.18750,399.54688
264.18750,410.54688
271.43750,427.54688
264.43750,440.29688
251.43750,447.04688
238.93750,441.54688
234.68750,432.54688
234.43750,422.04688
232.43750,412.04688
226.81250,405.29688
C

-color
t
77,88,69
SPL
278.05882,509.10294
279.30882,522.85294
287.55882,533.85294
306.30882,536.85294
319.05882,527.60294
320.80882,516.10294
312.05882,501.10294
303.55882,490.35294
299.05882,472.10294
287.30882,453.85294
264.80882,447.85294
248.55882,458.10294
248.30882,471.85294
257.30882,479.60294
269.55882,481.10294
278.05882,485.85294
281.30882,497.35294
C

-color
t
80,95,61
SPL
272.94643,429.53571
279.94643,439.03571
289.94643,440.28571
301.69643,432.03571
309.44643,418.78571
319.19643,402.28571
314.94643,387.03571
304.19643,378.03571
286.94643,375.78571
271.19643,370.78571
259.69643,376.03571
257.69643,392.78570
267.19643,406.28571
271.44643,413.78571
C

-color
t
80,95,61
SPL
313.61112,486.00000
321.61111,504.25000
336.36112,511.50000
350.86111,501.25000
352.61111,474.75000
343.86111,459.25000
317.11112,446.00000
299.36111,456.50000
300.86111,472.75000
C

-color
t
77,88,69
SPL
317.76666,428.48334
322.26666,442.98334
338.26666,449.48334
350.01666,448.48334
358.76666,448.23334
367.01666,443.98334
375.76666,438.48334
381.76666,425.48334
377.51666,414.48334
365.76666,405.48334
360.01666,393.23334
352.26666,381.98334
334.76666,380.48334
324.26666,392.98334
324.26666,412.98334
C

-color
t
80,95,61
SPL
368.94643,517.53571
375.94643,527.03571
385.94643,528.28571
397.69643,520.03571
405.44643,506.78571
415.19643,490.28571
410.94643,475.03571
400.19643,466.03571
382.94643,463.78571
367.19643,458.78571
355.69643,464.03571
353.69643,480.78570
363.19643,494.28571
367.44643,501.78571
C

-color
t
80,95,61
SPL
382.91667,416.93750
385.41667,433.43750
397.16667,443.18750
423.91667,440.68750
433.16667,420.43750
420.91667,404.18750
397.66667,390.18750
385.16667,376.43750
369.16667,370.93750
359.66667,377.93750
360.41667,389.93750
375.16667,402.93750
C

-color
t
80,95,61
SPL
422.65909,388.25000
408.65909,376.00000
407.15909,361.75000
420.40909,350.50000
440.15909,346.25000
449.90909,352.75000
454.15909,360.75000
453.90909,369.25000
450.40909,377.00000
447.65909,388.00000
453.15909,400.25000
461.40909,408.25000
477.65909,418.00000
484.15909,433.00000
476.65909,442.75000
461.15909,445.00000
451.40909,442.75000
441.90909,436.00000
439.65909,423.25000
439.15909,412.50000
435.15909,403.75000
430.65909,397.00000
C

REC
0,100
100,400
-color
t
80,95,61
SPL
-5.67045,413.72726
-20.42046,415.22726
-37.92046,421.47727
-41.42046,447.97727
-28.92046,475.72727
-14.67045,477.72727
-2.92045,462.97727
-1.17045,451.47726
3.07955,441.72727
14.57955,435.72727
31.82954,423.72727
40.57954,405.47727
35.82954,385.47727
27.07954,368.47727
17.82954,359.22727
6.82955,356.97727
-0.42045,360.72727
-4.67045,368.47727
-4.67045,378.22726
-1.17045,386.97726
4.32955,397.47727
3.07955,407.22726
C

-color
t
80,95,61
SPL
75.64815,109.21296
93.14815,106.21296
101.39815,89.71296
107.39815,69.71296
99.64815,51.21296
92.89815,38.96296
84.89815,29.46296
71.39815,28.96296
62.64815,39.71296
63.64815,61.71296
61.39815,71.71296
52.64815,76.21296
36.89815,77.46296
25.89815,76.21296
8.89815,77.21296
0.14815,87.46296
-1.85185,95.96296
0.64815,108.96296
4.39815,118.96296
14.14815,134.71296
25.64815,139.96296
34.14815,138.96296
40.14815,134.46296
43.14815,127.96296
46.14815,117.21296
52.89815,110.46296
64.89815,108.96296
C

-color
t
80,95,61
SPL
61.17857,401.98214
77.42857,391.48214
73.42857,364.98214
63.92857,352.23214
52.92857,333.98214
50.67857,312.48214
42.92857,292.98214
25.17857,291.48214
1.67857,321.98214
2.42857,343.48214
12.67857,355.48214
32.17857,358.98214
44.17857,373.73214
48.67857,393.73214
C

-color
t
80,95,61
SPL
-6.07353,287.52941
-19.32353,277.02941
-15.32353,250.02941
-1.57353,235.27941
18.92647,232.77941
39.17647,240.02941
50.67647,252.27941
59.92647,260.52941
75.17647,265.02941
88.42647,269.77941
94.42647,279.02941
91.42647,291.27941
80.42647,300.02941
58.42647,299.52941
43.42647,279.02941
28.92647,273.77941
8.17647,283.27941
C

-color
t
77,88,69
SPL
38.06579,227.52632
11.06579,228.02632
-4.18421,216.52631
-1.93421,200.77632
6.56579,174.02632
29.31579,142.27631
54.06579,144.52631
59.56580,158.52631
51.31579,172.77631
40.31579,182.77632
37.56579,196.02631
43.81579,206.27632
51.06579,211.02632
63.81579,220.02631
73.81579,227.27632
77.56579,239.77631
71.31579,249.27631
59.06579,250.02631
48.81579,241.02631
C

-color
t
77,88,69
SPL
60.79167,206.16667
73.54167,207.41667
89.79167,207.91667
100.79167,197.66667
111.79167,186.16667
117.79167,166.41667
108.79167,150.91667
88.54167,152.91667
76.54167,163.41667
59.79167,168.66667
52.29167,178.91667
49.29167,194.66667
C

-color
t
80,95,61
SPL
76.61112,350.00000
84.61111,368.25000
99.36112,375.50000
113.86111,365.25000
115.61111,338.75000
106.86111,323.25000
80.11112,310.00000
62.36111,320.50000
63.86111,336.75000
C

-color
t
80,95,61
SPL
84.09091,251.86364
80.59091,234.86364
80.59091,222.61364
84.84091,212.86364
97.84091,204.61365
109.84091,208.61365
114.09091,219.61365
112.34091,230.86364
113.84091,244.11364
109.34091,255.11364
93.34091,259.61364
C

-color
t
80,95,61
SPL
108.03334,312.28333
118.03334,322.28333
134.53334,323.78333
145.03334,317.28333
156.78334,311.28333
164.53334,301.28333
169.78334,291.53332
172.03334,275.53333
164.53334,265.78333
152.28334,257.53333
135.78334,261.78333
120.28334,265.78333
108.28334,275.28333
98.03334,283.53333
97.03334,298.78333
C

-color
t
80,95,61
SPL
67.83000,421.20000
69.23068,412.71345
71.33000,401.45000
85.58000,382.20000
106.26540,383.81046
113.33646,393.44479
119.17010,408.11726
135.34517,415.18833
150.01763,410.68052
159.12163,410.85730
167.51852,417.22126
169.10952,429.86079
160.97779,446.21264
157.53064,462.03415
147.98470,469.28200
136.75938,466.63034
127.74377,456.46568
119.08171,449.21784
100.58000,451.20000
79.83000,463.45000
65.83000,461.20000
59.33000,453.20000
57.91697,444.17970
59.33118,437.28542
62.83000,430.45000
C

REC
100,100
500,400
-color
t
77,88,69
SPL
60.79167,206.16667
73.54167,207.41667
89.79167,207.91667
100.79167,197.66667
111.79167,186.16667
117.79167,166.41667
108.79167,150.91667
88.54167,152.91667
76.54167,163.41667
59.79167,168.66667
52.29167,178.91667
49.29167,194.66667
C

-color
t
80,95,61
SPL
76.61112,350.00000
84.61111,368.25000
99.36112,375.50000
113.86111,365.25000
115.61111,338.75000
106.86111,323.25000
80.11112,310.00000
62.36111,320.50000
63.86111,336.75000
C

-color
t
80,95,61
SPL
84.09091,251.86364
80.59091,234.86364
80.59091,222.61364
84.84091,212.86364
97.84091,204.61365
109.84091,208.61365
114.09091,219.61365
112.34091,230.86364
113.84091,244.11364
109.34091,255.11364
93.34091,259.61364
C

-color
t
77,88,69
SPL
116.09091,315.86364
112.59091,298.86364
112.59091,286.61364
116.84091,276.86364
129.84091,268.61365
141.84091,272.61365
146.09091,283.61365
144.34091,294.86364
145.84091,308.11364
141.34091,319.11364
125.34091,323.61364
C

-color
t
80,95,61
SPL
108.03334,312.28333
118.03334,322.28333
134.53334,323.78333
145.03334,317.28333
156.78334,311.28333
164.53334,301.28333
169.78334,291.53332
172.03334,275.53333
164.53334,265.78333
152.28334,257.53333
135.78334,261.78333
120.28334,265.78333
108.28334,275.28333
98.03334,283.53333
97.03334,298.78333
C

-color
t
80,95,61
SPL
124.08333,251.63888
133.33333,255.13889
150.08333,250.63888
159.40503,234.95583
155.78003,223.20583
142.53003,217.08083
129.53003,220.33083
122.03003,232.58083
120.28003,243.70583
C

-color
t
80,95,61
SPL
124.61112,166.00000
132.61111,184.25000
147.36112,191.50000
161.86111,181.25000
163.61111,154.75000
154.86111,139.25000
128.11112,126.00000
110.36111,136.50000
111.86111,152.75000
C

-color
t
80,95,61
SPL
514.06250,291.21875
492.81250,286.96875
485.81250,268.21875
487.31250,253.71875
511.81250,229.46875
541.06250,228.21875
550.31250,240.71875
552.31250,253.96875
557.81250,263.21875
576.81250,271.21875
584.81250,284.96875
581.56250,296.96875
569.81250,301.21875
555.81250,293.96875
544.31250,283.46875
526.81250,284.71875
C

-color
t
80,95,61
SPL
524.23611,196.95833
515.98611,180.95834
500.23611,171.95834
479.48611,182.95834
474.98611,198.70833
481.23611,214.70833
501.48611,223.20834
525.23612,222.95834
541.48612,224.45834
561.98611,236.95834
585.48611,235.45834
593.98611,229.45834
601.48611,220.20833
600.48611,201.70833
588.73611,191.45833
570.73611,189.45834
554.48612,197.95833
541.73611,203.45833
C

-color
t
80,95,61
SPL
67.83000,421.20000
69.23068,412.71345
71.33000,401.45000
85.58000,382.20000
106.26540,383.81046
113.33646,393.44479
119.17010,408.11726
135.34517,415.18833
150.01763,410.68052
159.12163,410.85730
167.51852,417.22126
169.10952,429.86079
160.97779,446.21264
157.53064,462.03415
147.98470,469.28200
136.75938,466.63034
127.74377,456.46568
119.08171,449.21784
100.58000,451.20000
79.83000,463.45000
65.83000,461.20000
59.33000,453.20000
57.91697,444.17970
59.33118,437.28542
62.83000,430.45000
C

-color
t
77,88,69
SPL
151.50000,404.76563
124.25000,401.51563
114.75000,382.51563
124.25000,359.51563
159.50000,346.01563
177.50000,357.76563
184.25000,380.76563
186.75000,392.01563
196.75000,400.51563
210.50000,405.51563
217.75000,415.76563
214.25000,427.51563
197.50000,432.76563
184.75000,429.51563
175.75000,418.76563
165.25000,409.26563
C

-color
t
80,95,61
SPL
217.18750,398.54688
205.18750,384.29688
211.93750,360.54688
239.43750,358.54688
248.18750,367.29688
249.43750,382.29688
252.18750,399.54688
264.18750,410.54688
271.43750,427.54688
264.43750,440.29688
251.43750,447.04688
238.93750,441.54688
234.68750,432.54688
234.43750,422.04688
232.43750,412.04688
226.81250,405.29688
C

-color
t
80,95,61
SPL
272.94643,429.53571
279.94643,439.03571
289.94643,440.28571
301.69643,432.03571
309.44643,418.78571
319.19643,402.28571
314.94643,387.03571
304.19643,378.03571
286.94643,375.78571
271.19643,370.78571
259.69643,376.03571
257.69643,392.78570
267.19643,406.28571
271.44643,413.78571
C

-color
t
77,88,69
SPL
317.76666,428.48334
322.26666,442.98334
338.26666,449.48334
350.01666,448.48334
358.76666,448.23334
367.01666,443.98334
375.76666,438.48334
381.76666,425.48334
377.51666,414.48334
365.76666,405.48334
360.01666,393.23334
352.26666,381.98334
334.76666,380.48334
324.26666,392.98334
324.26666,412.98334
C

-color
t
80,95,61
SPL
382.91667,416.93750
385.41667,433.43750
397.16667,443.18750
423.91667,440.68750
433.16667,420.43750
420.91667,404.18750
397.66667,390.18750
385.16667,376.43750
369.16667,370.93750
359.66667,377.93750
360.41667,389.93750
375.16667,402.93750
C

-color
t
80,95,61
SPL
422.65909,388.25000
408.65909,376.00000
407.15909,361.75000
420.40909,350.50000
440.15909,346.25000
449.90909,352.75000
454.15909,360.75000
453.90909,369.25000
450.40909,377.00000
447.65909,388.00000
453.15909,400.25000
461.40909,408.25000
477.65909,418.00000
484.15909,433.00000
476.65909,442.75000
461.15909,445.00000
451.40909,442.75000
441.90909,436.00000
439.65909,423.25000
439.15909,412.50000
435.15909,403.75000
430.65909,397.00000
C

-color
t
77,88,69
SPL
115.42308,241.73077
128.42308,259.73077
144.17308,257.98077
156.17308,251.98077
171.17308,252.98077
183.67308,246.48077
188.17308,232.98077
181.17308,222.48077
161.92308,217.23077
150.92308,209.48077
140.67308,206.98077
126.67308,211.73077
113.92308,222.98077
C

-color
t
80,95,61
SPL
149.56818,130.04546
171.56818,139.29546
191.56818,138.04546
200.31818,127.04546
206.81818,96.04545
202.56818,82.79546
184.31818,78.29546
173.31818,84.54546
165.06818,93.04545
152.06818,98.54545
142.06818,113.04545
C

-color
t
80,95,61
SPL
178.08333,327.63888
187.33333,331.13889
204.08333,326.63888
213.40503,310.95583
209.78003,299.20583
196.53003,293.08083
183.53003,296.33083
176.03003,308.58083
174.28003,319.70583
C

-color
t
77,88,69
SPL
168.19118,184.88971
164.56618,174.51471
167.44118,160.38971
179.44118,148.26471
192.69118,142.76471
207.94118,147.76471
211.94118,161.01471
210.44118,174.01471
210.19118,184.26471
216.19118,203.13971
214.81618,217.26471
203.69118,225.01471
183.19118,221.88971
170.69118,217.88971
165.94118,209.13971
166.69118,201.51471
168.94118,194.38971
C

-color
t
80,95,61
SPL
172.86250,297.46250
165.61250,314.96250
170.86250,334.96250
186.11250,344.96250
203.36250,340.71250
217.36250,333.46250
221.11250,322.46250
219.11250,310.21250
217.86250,298.71250
224.36250,287.96250
238.36250,275.71250
245.61250,264.71250
244.11250,248.71250
234.86250,239.46250
218.61250,242.21250
209.61250,250.96250
202.61250,262.46250
190.11250,268.71250
181.61250,275.96250
177.86250,284.71250
C

-color
t
80,95,61
SPL
218.08333,159.63888
227.33333,163.13889
244.08333,158.63888
253.40503,142.95583
249.78003,131.20583
236.53003,125.08083
223.53003,128.33083
216.03003,140.58083
214.28003,151.70583
C

-color
t
80,95,61
SPL
218.92500,298.07500
233.42500,313.57500
256.17500,309.82500
263.17500,286.32500
274.92500,262.32500
273.17500,243.57500
259.67500,231.07500
219.67500,219.32500
197.67500,235.57500
188.92500,266.07500
C

-color
t
77,88,69
SPL
212.55681,134.07955
212.55681,151.32954
218.80681,167.82954
232.55682,174.57954
255.55681,176.07954
277.05682,168.57954
288.55682,151.82954
287.80682,139.82954
269.30681,129.57955
257.80681,127.57955
249.80682,123.07955
242.30681,116.07955
240.05682,107.07955
245.80682,88.82954
245.30682,76.32954
237.30682,66.32954
219.80681,66.57954
213.05681,78.57954
214.80681,95.57954
212.05681,105.07954
208.05681,114.32955
208.80681,125.07955
C

-color
t
80,95,61
SPL
252.69444,330.23612
244.94444,344.98611
249.69444,362.98611
267.69444,368.98611
285.94444,367.98611
299.69444,361.23611
302.19444,347.98611
299.44444,335.48612
296.44444,326.23611
293.44444,314.73611
299.44444,301.23611
302.94444,285.98611
298.19444,275.48611
286.44444,271.48611
269.69444,277.23611
262.69444,291.48611
260.94444,304.48611
258.19444,318.23611
C

-color
t
80,95,61
SPL
266.39063,184.68750
274.89063,190.18750
289.14063,200.43750
308.14063,198.93750
320.64063,205.93750
322.64063,217.68750
315.14063,228.43750
300.39063,232.43750
280.39063,231.43750
271.89063,225.18750
260.14063,221.18750
246.39063,221.43750
235.39063,214.93750
233.89063,202.93750
242.14063,192.43750
255.14063,183.68750
C

-color
t
77,88,69
SPL
307.17857,173.98214
323.42857,163.48214
319.42857,136.98214
309.92857,124.23214
298.92857,105.98214
296.67857,84.48214
288.92857,64.98214
271.17857,63.48214
247.67857,93.98214
248.42857,115.48214
258.67857,127.48214
278.17857,130.98214
290.17857,145.73214
294.67857,165.73214
C

-color
t
80,95,61
SPL
315.85001,335.35000
302.85000,348.35000
300.60000,365.10000
314.35001,374.60000
334.10001,379.35000
344.85000,370.85000
346.10000,359.60000
342.10001,349.60000
339.10001,337.35000
343.60000,318.60000
340.85001,301.10000
330.35000,294.60000
320.35001,298.10000
316.60001,308.60000
319.60001,323.35000
C

-color
t
80,95,61
SPL
319.87500,235.14286
328.12500,242.39286
339.62500,249.89286
357.12500,246.89286
367.37500,246.39286
378.62500,255.14286
379.12500,271.39286
364.37500,284.64286
340.87500,287.64286
318.62500,279.89286
303.87500,271.39286
299.12500,257.14286
298.87500,241.89286
309.37500,233.39286
C

-color
t
80,95,61
SPL
322.61112,210.00000
330.61111,228.25000
345.36112,235.50000
359.86111,225.25000
361.61111,198.75000
352.86111,183.25000
326.11112,170.00000
308.36111,180.50000
309.86111,196.75000
C

-color
t
77,88,69
SPL
322.08333,127.63888
331.33333,131.13889
348.08333,126.63888
357.40503,110.95583
353.78003,99.20583
340.53003,93.08083
327.53003,96.33083
320.03003,108.58083
318.28003,119.70583
C

-color
t
80,95,61
SPL
317.25000,111.54167
316.25000,131.29167
333.75000,144.29167
355.75000,140.54167
365.50000,128.29167
366.75000,113.54167
373.75000,104.04167
386.50000,100.29167
397.50000,94.04167
400.00000,82.79167
393.75000,75.04167
377.75000,74.54167
350.25000,71.29167
337.75000,61.04167
309.50000,53.29167
298.25000,67.04167
303.00000,82.54167
314.50000,94.29167
C

-color
t
80,95,61
SPL
346.14584,317.27084
341.89584,342.27083
349.14584,357.77084
372.39583,366.77084
388.14583,366.02084
406.89584,358.77084
410.89584,343.02083
405.39584,331.27083
391.14584,327.02083
376.14584,321.27084
367.14584,312.52084
354.89584,309.27084
C

-color
t
77,88,69
SPL
370.08333,231.63888
379.33333,235.13889
396.08333,230.63888
405.40503,214.95583
401.78003,203.20583
388.53003,197.08083
375.53003,200.33083
368.03003,212.58083
366.28003,223.70583
C

-color
t
80,95,61
SPL
364.88043,181.61957
354.88043,173.61957
348.88043,163.86957
349.88043,152.36957
354.88043,142.61957
362.88043,134.61957
374.63043,132.36957
384.13043,135.86957
399.63043,137.86957
411.13043,147.86957
411.13043,162.36957
404.88043,175.36957
404.38043,191.11957
419.63043,213.61957
420.13043,227.61957
409.13043,237.11957
395.88043,238.86957
384.88043,242.11957
373.38043,238.61957
363.63043,225.36957
363.88043,211.11957
369.38043,200.36957
369.63043,189.36957
C

-color
t
80,95,61
SPL
378.08333,319.63888
387.33333,323.13889
404.08333,318.63888
413.40503,302.95583
409.78003,291.20583
396.53003,285.08083
383.53003,288.33083
376.03003,300.58083
374.28003,311.70583
C

-color
t
80,95,61
SPL
401.86363,328.36363
418.36363,339.36363
436.11363,334.61363
444.86363,317.36363
456.86363,302.11363
453.36363,281.36363
427.36363,269.61363
390.61363,278.36363
371.61363,291.86363
373.36363,306.86363
383.86363,324.61363
C

-color
t
77,88,69
SPL
410.08333,199.63888
419.33333,203.13889
436.08333,198.63888
445.40503,182.95583
441.78003,171.20583
428.53003,165.08083
415.53003,168.33083
408.03003,180.58083
406.28003,191.70583
C

-color
t
80,95,61
SPL
410.08333,143.63888
419.33333,147.13889
436.08333,142.63888
445.40503,126.95583
441.78003,115.20583
428.53003,109.08083
415.53003,112.33083
408.03003,124.58083
406.28003,135.70583
C

-color
t
80,95,61
SPL
404.35938,119.46875
404.35938,134.46875
412.10938,147.21875
427.85938,154.71875
449.35938,154.21875
472.10938,147.21875
489.35938,140.21875
492.60938,126.46875
483.85938,116.46875
458.10938,114.46875
444.60938,106.21875
437.35938,89.21875
427.10938,83.46875
411.60938,88.96875
406.35938,98.46875
403.35938,110.46875
C

-color
t
77,88,69
SPL
457.82500,367.82500
466.82500,388.07500
494.32500,388.57500
508.32500,370.07500
499.82500,348.07500
500.07500,317.07500
479.07500,306.07500
454.32500,313.32500
444.82500,326.32500
448.57500,342.32500
C

-color
t
80,95,61
SPL
458.08333,255.63888
467.33333,259.13889
484.08333,254.63888
493.40503,238.95583
489.78003,227.20583
476.53003,221.08083
463.53003,224.33083
456.03003,236.58083
454.28003,247.70583
C

REC
500,100
600,400
-color
t
77,88,69
SPL
597.08334,442.70238
617.33334,446.45238
630.83334,445.95238
640.58334,440.20238
643.33334,420.20238
638.10163,405.66432
625.58334,400.95238
612.58333,402.45238
600.08334,395.70238
596.58333,383.95238
598.83333,369.95238
594.08333,359.20238
584.08333,356.95238
574.46202,365.00568
573.33334,379.95238
569.08334,404.20238
555.19336,413.97283
547.83334,426.20238
553.08334,437.95238
565.58334,440.95238
580.58334,436.70238
C

-color
t
80,95,61
SPL
551.33334,65.93750
567.33334,50.93750
597.33334,59.43750
610.58334,92.43750
597.08334,119.93750
569.08334,123.43750
545.83333,112.68750
524.08334,109.68750
504.33334,100.93750
498.33334,84.18750
509.83334,68.93750
529.33334,67.43750
C

-color
t
77,88,69
SPL
518.84091,342.69318
509.59091,333.19319
508.34091,315.94318
526.34091,293.44318
545.66476,291.19928
553.91477,304.69928
550.09091,323.44318
548.50397,336.40422
553.63049,345.06628
560.34801,352.49090
566.96591,362.44318
567.21591,371.19318
561.40867,382.71972
559.28735,393.67987
555.71591,403.56818
548.09091,410.69318
533.71591,410.69318
524.46591,401.44318
524.34091,389.94319
528.09091,381.19319
531.34091,370.69318
529.84091,360.44319
C

-color
t
80,95,61
SPL
514.06250,291.21875
492.81250,286.96875
485.81250,268.21875
487.31250,253.71875
511.81250,229.46875
541.06250,228.21875
550.31250,240.71875
552.31250,253.96875
557.81250,263.21875
576.81250,271.21875
584.81250,284.96875
581.56250,296.96875
569.81250,301.21875
555.81250,293.96875
544.31250,283.46875
526.81250,284.71875
C

-color
t
80,95,61
SPL
524.23611,196.95833
515.98611,180.95834
500.23611,171.95834
479.48611,182.95834
474.98611,198.70833
481.23611,214.70833
501.48611,223.20834
525.23612,222.95834
541.48612,224.45834
561.98611,236.95834
585.48611,235.45834
593.98611,229.45834
601.48611,220.20833
600.48611,201.70833
588.73611,191.45833
570.73611,189.45834
554.48612,197.95833
541.73611,203.45833
C

-color
t
77,88,69
SPL
519.41667,177.61667
531.91667,190.86667
550.16667,190.36667
558.41667,180.61667
563.16667,168.86667
575.91667,159.36667
579.66667,151.36667
578.41667,138.36667
567.91667,130.36667
548.66667,132.61667
532.91667,129.36667
523.66667,129.86667
507.41667,135.36667
495.66667,152.86667
501.66667,169.61667
C

-color
t
80,95,61
SPL
617.17857,385.98214
633.42857,375.48214
629.42857,348.98214
619.92857,336.23214
608.92857,317.98214
606.67857,296.48214
598.92857,276.98214
581.17857,275.48214
557.67857,305.98214
558.42857,327.48214
568.67857,339.48214
588.17857,342.98214
600.17857,357.73214
604.67857,377.73214
C

-color
t
80,95,61
SPL
592.09091,187.86364
588.59091,170.86364
588.59091,158.61364
592.84091,148.86364
605.84091,140.61365
617.84091,144.61365
622.09091,155.61365
620.34091,166.86364
621.84091,180.11364
617.34091,191.11364
601.34091,195.61364
C

-color
t
80,95,61
SPL
600.08333,267.63888
609.33333,271.13889
626.08333,266.63888
635.40503,250.95583
631.78003,239.20583
618.53003,233.08083
605.53003,236.33083
598.03003,248.58083
596.28003,259.70583
C

-color
t
77,88,69
SPL
595.50000,262.02084
607.00000,277.02084
628.25000,277.27084
640.00000,270.02084
642.75000,256.77083
642.50000,237.77083
655.75000,220.77084
656.50000,201.77084
641.25000,196.02084
608.00000,218.77084
596.50000,236.27083
592.25000,249.27083
C

-color
t
77,88,69
SPL
457.82500,367.82500
466.82500,388.07500
494.32500,388.57500
508.32500,370.07500
499.82500,348.07500
500.07500,317.07500
479.07500,306.07500
454.32500,313.32500
444.82500,326.32500
448.57500,342.32500
C

REC
100,0
500,100
-color
t
80,95,61
SPL
90.78704,75.64815
93.78704,93.14815
110.28704,101.39815
130.28704,107.39815
148.78704,99.64815
161.03704,92.89815
170.53704,84.89815
171.03704,71.39815
160.28704,62.64815
138.28704,63.64815
128.28704,61.39815
123.78704,52.64815
122.53704,36.89815
123.78704,25.89815
122.78704,8.89815
112.53704,0.14815
104.03704,-1.85185
91.03704,0.64815
81.03704,4.39815
65.28704,14.14815
60.03704,25.64815
61.03704,34.14815
65.53704,40.14815
72.03704,43.14815
82.78704,46.14815
89.53704,52.89815
91.03704,64.89815
C

-color
t
80,95,61
SPL
75.64815,109.21296
93.14815,106.21296
101.39815,89.71296
107.39815,69.71296
99.64815,51.21296
92.89815,38.96296
84.89815,29.46296
71.39815,28.96296
62.64815,39.71296
63.64815,61.71296
61.39815,71.71296
52.64815,76.21296
36.89815,77.46296
25.89815,76.21296
8.89815,77.21296
0.14815,87.46296
-1.85185,95.96296
0.64815,108.96296
4.39815,118.96296
14.14815,134.71296
25.64815,139.96296
34.14815,138.96296
40.14815,134.46296
43.14815,127.96296
46.14815,117.21296
52.89815,110.46296
64.89815,108.96296
C

-color
t
80,95,61
SPL
465.93750,48.66666
450.93750,32.66666
459.43750,2.66666
492.43750,-10.58334
519.93750,2.91666
523.43750,30.91666
512.68750,54.16667
509.68750,75.91666
500.93750,95.66666
484.18750,101.66666
468.93750,90.16666
467.43750,70.66666
C

-color
t
80,95,61
SPL
149.56818,130.04546
171.56818,139.29546
191.56818,138.04546
200.31818,127.04546
206.81818,96.04545
202.56818,82.79546
184.31818,78.29546
173.31818,84.54546
165.06818,93.04545
152.06818,98.54545
142.06818,113.04545
C

-color
t
77,88,69
SPL
212.55681,134.07955
212.55681,151.32954
218.80681,167.82954
232.55682,174.57954
255.55681,176.07954
277.05682,168.57954
288.55682,151.82954
287.80682,139.82954
269.30681,129.57955
257.80681,127.57955
249.80682,123.07955
242.30681,116.07955
240.05682,107.07955
245.80682,88.82954
245.30682,76.32954
237.30682,66.32954
219.80681,66.57954
213.05681,78.57954
214.80681,95.57954
212.05681,105.07954
208.05681,114.32955
208.80681,125.07955
C

-color
t
77,88,69
SPL
307.17857,173.98214
323.42857,163.48214
319.42857,136.98214
309.92857,124.23214
298.92857,105.98214
296.67857,84.48214
288.92857,64.98214
271.17857,63.48214
247.67857,93.98214
248.42857,115.48214
258.67857,127.48214
278.17857,130.98214
290.17857,145.73214
294.67857,165.73214
C

-color
t
77,88,69
SPL
322.08333,127.63888
331.33333,131.13889
348.08333,126.63888
357.40503,110.95583
353.78003,99.20583
340.53003,93.08083
327.53003,96.33083
320.03003,108.58083
318.28003,119.70583
C

-color
t
80,95,61
SPL
317.25000,111.54167
316.25000,131.29167
333.75000,144.29167
355.75000,140.54167
365.50000,128.29167
366.75000,113.54167
373.75000,104.04167
386.50000,100.29167
397.50000,94.04167
400.00000,82.79167
393.75000,75.04167
377.75000,74.54167
350.25000,71.29167
337.75000,61.04167
309.50000,53.29167
298.25000,67.04167
303.00000,82.54167
314.50000,94.29167
C

-color
t
80,95,61
SPL
404.35938,119.46875
404.35938,134.46875
412.10938,147.21875
427.85938,154.71875
449.35938,154.21875
472.10938,147.21875
489.35938,140.21875
492.60938,126.46875
483.85938,116.46875
458.10938,114.46875
444.60938,106.21875
437.35938,89.21875
427.10938,83.46875
411.60938,88.96875
406.35938,98.46875
403.35938,110.46875
C

-color
t
80,95,61
SPL
133.80000,4.99001
125.55000,22.99001
123.05000,42.74001
129.55000,53.74001
139.05000,61.99001
150.55000,61.24001
157.80000,53.99001
157.05000,42.74001
151.55000,29.99001
149.05000,14.74000
155.30000,5.74000
163.55000,2.24001
171.30000,-0.50999
177.55000,-6.51000
179.05000,-14.75999
173.05000,-23.50999
161.05000,-26.00999
141.80000,-26.50999
129.55000,-37.75999
109.30000,-47.00999
96.05000,-38.00999
96.05000,-26.25999
106.80000,-19.00999
124.05000,-18.00999
133.80000,-11.75999
C

-color
t
80,95,61
SPL
156.41072,10.21429
131.41072,-8.78571
137.91072,-41.28571
162.16072,-56.03571
183.91072,-50.03571
188.16072,-29.53571
183.41072,-14.03571
179.91072,-0.53571
185.91072,10.21429
191.66072,17.96429
192.91072,30.46429
186.66072,38.46429
174.66072,38.71429
164.66072,30.46429
C

-color
t
77,88,69
SPL
196.31250,25.82813
191.06250,42.32813
191.56250,57.57813
202.56250,64.57813
218.06250,63.32813
226.31250,54.82813
230.31250,43.32813
241.06250,35.07813
254.06250,33.82813
266.81250,26.82813
268.81250,13.32813
256.56250,1.32813
230.31250,1.82813
211.81250,-3.92188
199.06250,1.07813
194.31250,13.32813
C

-color
t
80,95,61
SPL
277.44118,21.92647
264.94118,38.67647
267.44118,56.92647
285.69118,62.67647
304.94118,55.17647
313.19118,41.92647
315.44118,28.42647
310.19118,17.17647
303.19118,3.67647
288.44118,-10.57353
280.69118,-24.57353
257.19118,-33.07353
233.19118,-23.82353
232.44118,-10.07353
246.69118,-1.57353
265.44118,-4.82353
278.19118,1.42647
C

-color
t
80,95,61
SPL
296.53947,-8.38158
289.03947,-18.38158
284.78947,-31.38158
295.28947,-49.63158
317.03948,-55.38158
334.78948,-52.63158
341.03948,-42.13158
339.78948,-24.88158
333.78947,-7.88158
337.28948,6.36842
345.03947,13.61842
356.53947,24.61842
359.78947,44.11842
348.78947,54.36842
333.03947,50.86842
327.03947,38.61842
322.53947,22.86842
318.28947,7.11842
308.03947,-3.38158
C

-color
t
80,95,61
SPL
361.08333,27.63888
370.33333,31.13889
387.08333,26.63888
396.40503,10.95583
392.78003,-0.79417
379.53003,-6.91917
366.53003,-3.66917
359.03003,8.58083
357.28003,19.70583
C

-color
t
80,95,61
SPL
350.96153,14.26923
318.46153,24.26923
317.46153,45.01923
330.46153,54.51923
374.46153,56.01923
411.71153,46.76923
436.21153,30.51923
441.21153,17.51923
433.96153,6.76923
411.71153,2.01923
400.21153,-4.23077
379.21153,-8.98077
360.21153,1.01923
C

