REC
100,400
500,500
-color
t
80,95,61
SPL
113.72726,505.67045
115.22726,520.42046
121.47727,537.92046
147.97727,541.42046
175.72727,528.92046
177.72727,514.67045
162.97727,502.92045
151.47726,501.17045
141.72727,496.92045
135.72727,485.42045
123.72727,468.17046
105.47727,459.42046
85.47727,464.17046
68.47727,472.92046
59.22727,482.17046
56.97727,493.17045
60.72727,500.42045
68.47727,504.67045
78.22726,504.67045
86.97726,501.17045
97.47727,495.67045
107.22726,496.92045
C

-color
t
77,88,69
SPL
457.29762,497.08334
453.54762,517.33334
454.04762,530.83334
459.79762,540.58334
479.79762,543.33334
494.33568,538.10163
499.04762,525.58334
497.54762,512.58333
504.29762,500.08334
516.04762,496.58333
530.04762,498.83333
540.79762,494.08333
543.04762,484.08333
534.99432,474.46202
520.04762,473.33334
495.79762,469.08334
486.02717,455.19336
473.79762,447.83334
462.04762,453.08334
459.04762,465.58334
463.29762,480.58334
C

-color
t
80,95,61
SPL
67.83000,421.20000
69.23068,412.71345
71.33000,401.45000
85.58000,382.20000
106.26540,383.81046
113.33646,393.44479
119.17010,408.11726
135.34517,415.18833
150.01763,410.68052
159.12163,410.85730
167.51852,417.22126
169.10952,429.86079
160.97779,446.21264
157.53064,462.03415
147.98470,469.28200
136.75938,466.63034
127.74377,456.46568
119.08171,449.21784
100.58000,451.20000
79.83000,463.45000
65.83000,461.20000
59.33000,453.20000
57.91697,444.17970
59.33118,437.28542
62.83000,430.45000
C

-color
t
77,88,69
SPL
151.50000,404.76563
124.25000,401.51563
114.75000,382.51563
124.25000,359.51563
159.50000,346.01563
177.50000,357.76563
184.25000,380.76563
186.75000,392.01563
196.75000,400.51563
210.50000,405.51563
217.75000,415.76563
214.25000,427.51563
197.50000,432.76563
184.75000,429.51563
175.75000,418.76563
165.25000,409.26563
C

-color
t
80,95,61
SPL
177.61112,502.00000
185.61111,520.25000
200.36112,527.50000
214.86111,517.25000
216.61111,490.75000
207.86111,475.25000
181.11112,462.00000
163.36111,472.50000
164.86111,488.75000
C

-color
t
80,95,61
SPL
222.05882,493.10294
223.30882,506.85294
231.55882,517.85294
250.30882,520.85294
263.05882,511.60294
264.80882,500.10294
256.05882,485.10294
247.55882,474.35294
243.05882,456.10294
231.30882,437.85294
208.80882,431.85294
192.55882,442.10294
192.30882,455.85294
201.30882,463.60294
213.55882,465.10294
222.05882,469.85294
225.30882,481.35294
C

-color
t
80,95,61
SPL
217.18750,398.54688
205.18750,384.29688
211.93750,360.54688
239.43750,358.54688
248.18750,367.29688
249.43750,382.29688
252.18750,399.54688
264.18750,410.54688
271.43750,427.54688
264.43750,440.29688
251.43750,447.04688
238.93750,441.54688
234.68750,432.54688
234.43750,422.04688
232.43750,412.04688
226.81250,405.29688
C

-color
t
77,88,69
SPL
278.05882,509.10294
279.30882,522.85294
287.55882,533.85294
306.30882,536.85294
319.05882,527.60294
320.80882,516.10294
312.05882,501.10294
303.55882,490.35294
299.05882,472.10294
287.30882,453.85294
264.80882,447.85294
248.55882,458.10294
248.30882,471.85294
257.30882,479.60294
269.55882,481.10294
278.05882,485.85294
281.30882,497.35294
C

-color
t
80,95,61
SPL
272.94643,429.53571
279.94643,439.03571
289.94643,440.28571
301.69643,432.03571
309.44643,418.78571
319.19643,402.28571
314.94643,387.03571
304.19643,378.03571
286.94643,375.78571
271.19643,370.78571
259.69643,376.03571
257.69643,392.78570
267.19643,406.28571
271.44643,413.78571
C

-color
t
80,95,61
SPL
313.61112,486.00000
321.61111,504.25000
336.36112,511.50000
350.86111,501.25000
352.61111,474.75000
343.86111,459.25000
317.11112,446.00000
299.36111,456.50000
300.86111,472.75000
C

-color
t
77,88,69
SPL
317.76666,428.48334
322.26666,442.98334
338.26666,449.48334
350.01666,448.48334
358.76666,448.23334
367.01666,443.98334
375.76666,438.48334
381.76666,425.48334
377.51666,414.48334
365.76666,405.48334
360.01666,393.23334
352.26666,381.98334
334.76666,380.48334
324.26666,392.98334
324.26666,412.98334
C

-color
t
80,95,61
SPL
368.94643,517.53571
375.94643,527.03571
385.94643,528.28571
397.69643,520.03571
405.44643,506.78571
415.19643,490.28571
410.94643,475.03571
400.19643,466.03571
382.94643,463.78571
367.19643,458.78571
355.69643,464.03571
353.69643,480.78570
363.19643,494.28571
367.44643,501.78571
C

-color
t
80,95,61
SPL
382.91667,416.93750
385.41667,433.43750
397.16667,443.18750
423.91667,440.68750
433.16667,420.43750
420.91667,404.18750
397.66667,390.18750
385.16667,376.43750
369.16667,370.93750
359.66667,377.93750
360.41667,389.93750
375.16667,402.93750
C

-color
t
80,95,61
SPL
422.65909,388.25000
408.65909,376.00000
407.15909,361.75000
420.40909,350.50000
440.15909,346.25000
449.90909,352.75000
454.15909,360.75000
453.90909,369.25000
450.40909,377.00000
447.65909,388.00000
453.15909,400.25000
461.40909,408.25000
477.65909,418.00000
484.15909,433.00000
476.65909,442.75000
461.15909,445.00000
451.40909,442.75000
441.90909,436.00000
439.65909,423.25000
439.15909,412.50000
435.15909,403.75000
430.65909,397.00000
C

