REC
0,100
100,400
-color
t
80,95,61
SPL
-5.67045,413.72726
-20.42046,415.22726
-37.92046,421.47727
-41.42046,447.97727
-28.92046,475.72727
-14.67045,477.72727
-2.92045,462.97727
-1.17045,451.47726
3.07955,441.72727
14.57955,435.72727
31.82954,423.72727
40.57954,405.47727
35.82954,385.47727
27.07954,368.47727
17.82954,359.22727
6.82955,356.97727
-0.42045,360.72727
-4.67045,368.47727
-4.67045,378.22726
-1.17045,386.97726
4.32955,397.47727
3.07955,407.22726
C

-color
t
80,95,61
SPL
75.64815,109.21296
93.14815,106.21296
101.39815,89.71296
107.39815,69.71296
99.64815,51.21296
92.89815,38.96296
84.89815,29.46296
71.39815,28.96296
62.64815,39.71296
63.64815,61.71296
61.39815,71.71296
52.64815,76.21296
36.89815,77.46296
25.89815,76.21296
8.89815,77.21296
0.14815,87.46296
-1.85185,95.96296
0.64815,108.96296
4.39815,118.96296
14.14815,134.71296
25.64815,139.96296
34.14815,138.96296
40.14815,134.46296
43.14815,127.96296
46.14815,117.21296
52.89815,110.46296
64.89815,108.96296
C

-color
t
80,95,61
SPL
61.17857,401.98214
77.42857,391.48214
73.42857,364.98214
63.92857,352.23214
52.92857,333.98214
50.67857,312.48214
42.92857,292.98214
25.17857,291.48214
1.67857,321.98214
2.42857,343.48214
12.67857,355.48214
32.17857,358.98214
44.17857,373.73214
48.67857,393.73214
C

-color
t
80,95,61
SPL
-6.07353,287.52941
-19.32353,277.02941
-15.32353,250.02941
-1.57353,235.27941
18.92647,232.77941
39.17647,240.02941
50.67647,252.27941
59.92647,260.52941
75.17647,265.02941
88.42647,269.77941
94.42647,279.02941
91.42647,291.27941
80.42647,300.02941
58.42647,299.52941
43.42647,279.02941
28.92647,273.77941
8.17647,283.27941
C

-color
t
77,88,69
SPL
38.06579,227.52632
11.06579,228.02632
-4.18421,216.52631
-1.93421,200.77632
6.56579,174.02632
29.31579,142.27631
54.06579,144.52631
59.56580,158.52631
51.31579,172.77631
40.31579,182.77632
37.56579,196.02631
43.81579,206.27632
51.06579,211.02632
63.81579,220.02631
73.81579,227.27632
77.56579,239.77631
71.31579,249.27631
59.06579,250.02631
48.81579,241.02631
C

-color
t
77,88,69
SPL
60.79167,206.16667
73.54167,207.41667
89.79167,207.91667
100.79167,197.66667
111.79167,186.16667
117.79167,166.41667
108.79167,150.91667
88.54167,152.91667
76.54167,163.41667
59.79167,168.66667
52.29167,178.91667
49.29167,194.66667
C

-color
t
80,95,61
SPL
76.61112,350.00000
84.61111,368.25000
99.36112,375.50000
113.86111,365.25000
115.61111,338.75000
106.86111,323.25000
80.11112,310.00000
62.36111,320.50000
63.86111,336.75000
C

-color
t
80,95,61
SPL
84.09091,251.86364
80.59091,234.86364
80.59091,222.61364
84.84091,212.86364
97.84091,204.61365
109.84091,208.61365
114.09091,219.61365
112.34091,230.86364
113.84091,244.11364
109.34091,255.11364
93.34091,259.61364
C

-color
t
80,95,61
SPL
108.03334,312.28333
118.03334,322.28333
134.53334,323.78333
145.03334,317.28333
156.78334,311.28333
164.53334,301.28333
169.78334,291.53332
172.03334,275.53333
164.53334,265.78333
152.28334,257.53333
135.78334,261.78333
120.28334,265.78333
108.28334,275.28333
98.03334,283.53333
97.03334,298.78333
C

-color
t
80,95,61
SPL
67.83000,421.20000
69.23068,412.71345
71.33000,401.45000
85.58000,382.20000
106.26540,383.81046
113.33646,393.44479
119.17010,408.11726
135.34517,415.18833
150.01763,410.68052
159.12163,410.85730
167.51852,417.22126
169.10952,429.86079
160.97779,446.21264
157.53064,462.03415
147.98470,469.28200
136.75938,466.63034
127.74377,456.46568
119.08171,449.21784
100.58000,451.20000
79.83000,463.45000
65.83000,461.20000
59.33000,453.20000
57.91697,444.17970
59.33118,437.28542
62.83000,430.45000
C

