REC
100,100
500,400
-color
t
77,88,69
SPL
60.79167,206.16667
73.54167,207.41667
89.79167,207.91667
100.79167,197.66667
111.79167,186.16667
117.79167,166.41667
108.79167,150.91667
88.54167,152.91667
76.54167,163.41667
59.79167,168.66667
52.29167,178.91667
49.29167,194.66667
C

-color
t
80,95,61
SPL
76.61112,350.00000
84.61111,368.25000
99.36112,375.50000
113.86111,365.25000
115.61111,338.75000
106.86111,323.25000
80.11112,310.00000
62.36111,320.50000
63.86111,336.75000
C

-color
t
80,95,61
SPL
84.09091,251.86364
80.59091,234.86364
80.59091,222.61364
84.84091,212.86364
97.84091,204.61365
109.84091,208.61365
114.09091,219.61365
112.34091,230.86364
113.84091,244.11364
109.34091,255.11364
93.34091,259.61364
C

-color
t
77,88,69
SPL
116.09091,315.86364
112.59091,298.86364
112.59091,286.61364
116.84091,276.86364
129.84091,268.61365
141.84091,272.61365
146.09091,283.61365
144.34091,294.86364
145.84091,308.11364
141.34091,319.11364
125.34091,323.61364
C

-color
t
80,95,61
SPL
108.03334,312.28333
118.03334,322.28333
134.53334,323.78333
145.03334,317.28333
156.78334,311.28333
164.53334,301.28333
169.78334,291.53332
172.03334,275.53333
164.53334,265.78333
152.28334,257.53333
135.78334,261.78333
120.28334,265.78333
108.28334,275.28333
98.03334,283.53333
97.03334,298.78333
C

-color
t
80,95,61
SPL
124.08333,251.63888
133.33333,255.13889
150.08333,250.63888
159.40503,234.95583
155.78003,223.20583
142.53003,217.08083
129.53003,220.33083
122.03003,232.58083
120.28003,243.70583
C

-color
t
80,95,61
SPL
124.61112,166.00000
132.61111,184.25000
147.36112,191.50000
161.86111,181.25000
163.61111,154.75000
154.86111,139.25000
128.11112,126.00000
110.36111,136.50000
111.86111,152.75000
C

-color
t
80,95,61
SPL
514.06250,291.21875
492.81250,286.96875
485.81250,268.21875
487.31250,253.71875
511.81250,229.46875
541.06250,228.21875
550.31250,240.71875
552.31250,253.96875
557.81250,263.21875
576.81250,271.21875
584.81250,284.96875
581.56250,296.96875
569.81250,301.21875
555.81250,293.96875
544.31250,283.46875
526.81250,284.71875
C

-color
t
80,95,61
SPL
524.23611,196.95833
515.98611,180.95834
500.23611,171.95834
479.48611,182.95834
474.98611,198.70833
481.23611,214.70833
501.48611,223.20834
525.23612,222.95834
541.48612,224.45834
561.98611,236.95834
585.48611,235.45834
593.98611,229.45834
601.48611,220.20833
600.48611,201.70833
588.73611,191.45833
570.73611,189.45834
554.48612,197.95833
541.73611,203.45833
C

-color
t
80,95,61
SPL
67.83000,421.20000
69.23068,412.71345
71.33000,401.45000
85.58000,382.20000
106.26540,383.81046
113.33646,393.44479
119.17010,408.11726
135.34517,415.18833
150.01763,410.68052
159.12163,410.85730
167.51852,417.22126
169.10952,429.86079
160.97779,446.21264
157.53064,462.03415
147.98470,469.28200
136.75938,466.63034
127.74377,456.46568
119.08171,449.21784
100.58000,451.20000
79.83000,463.45000
65.83000,461.20000
59.33000,453.20000
57.91697,444.17970
59.33118,437.28542
62.83000,430.45000
C

-color
t
77,88,69
SPL
151.50000,404.76563
124.25000,401.51563
114.75000,382.51563
124.25000,359.51563
159.50000,346.01563
177.50000,357.76563
184.25000,380.76563
186.75000,392.01563
196.75000,400.51563
210.50000,405.51563
217.75000,415.76563
214.25000,427.51563
197.50000,432.76563
184.75000,429.51563
175.75000,418.76563
165.25000,409.26563
C

-color
t
80,95,61
SPL
217.18750,398.54688
205.18750,384.29688
211.93750,360.54688
239.43750,358.54688
248.18750,367.29688
249.43750,382.29688
252.18750,399.54688
264.18750,410.54688
271.43750,427.54688
264.43750,440.29688
251.43750,447.04688
238.93750,441.54688
234.68750,432.54688
234.43750,422.04688
232.43750,412.04688
226.81250,405.29688
C

-color
t
80,95,61
SPL
272.94643,429.53571
279.94643,439.03571
289.94643,440.28571
301.69643,432.03571
309.44643,418.78571
319.19643,402.28571
314.94643,387.03571
304.19643,378.03571
286.94643,375.78571
271.19643,370.78571
259.69643,376.03571
257.69643,392.78570
267.19643,406.28571
271.44643,413.78571
C

-color
t
77,88,69
SPL
317.76666,428.48334
322.26666,442.98334
338.26666,449.48334
350.01666,448.48334
358.76666,448.23334
367.01666,443.98334
375.76666,438.48334
381.76666,425.48334
377.51666,414.48334
365.76666,405.48334
360.01666,393.23334
352.26666,381.98334
334.76666,380.48334
324.26666,392.98334
324.26666,412.98334
C

-color
t
80,95,61
SPL
382.91667,416.93750
385.41667,433.43750
397.16667,443.18750
423.91667,440.68750
433.16667,420.43750
420.91667,404.18750
397.66667,390.18750
385.16667,376.43750
369.16667,370.93750
359.66667,377.93750
360.41667,389.93750
375.16667,402.93750
C

-color
t
80,95,61
SPL
422.65909,388.25000
408.65909,376.00000
407.15909,361.75000
420.40909,350.50000
440.15909,346.25000
449.90909,352.75000
454.15909,360.75000
453.90909,369.25000
450.40909,377.00000
447.65909,388.00000
453.15909,400.25000
461.40909,408.25000
477.65909,418.00000
484.15909,433.00000
476.65909,442.75000
461.15909,445.00000
451.40909,442.75000
441.90909,436.00000
439.65909,423.25000
439.15909,412.50000
435.15909,403.75000
430.65909,397.00000
C

-color
t
77,88,69
SPL
115.42308,241.73077
128.42308,259.73077
144.17308,257.98077
156.17308,251.98077
171.17308,252.98077
183.67308,246.48077
188.17308,232.98077
181.17308,222.48077
161.92308,217.23077
150.92308,209.48077
140.67308,206.98077
126.67308,211.73077
113.92308,222.98077
C

-color
t
80,95,61
SPL
149.56818,130.04546
171.56818,139.29546
191.56818,138.04546
200.31818,127.04546
206.81818,96.04545
202.56818,82.79546
184.31818,78.29546
173.31818,84.54546
165.06818,93.04545
152.06818,98.54545
142.06818,113.04545
C

-color
t
80,95,61
SPL
178.08333,327.63888
187.33333,331.13889
204.08333,326.63888
213.40503,310.95583
209.78003,299.20583
196.53003,293.08083
183.53003,296.33083
176.03003,308.58083
174.28003,319.70583
C

-color
t
77,88,69
SPL
168.19118,184.88971
164.56618,174.51471
167.44118,160.38971
179.44118,148.26471
192.69118,142.76471
207.94118,147.76471
211.94118,161.01471
210.44118,174.01471
210.19118,184.26471
216.19118,203.13971
214.81618,217.26471
203.69118,225.01471
183.19118,221.88971
170.69118,217.88971
165.94118,209.13971
166.69118,201.51471
168.94118,194.38971
C

-color
t
80,95,61
SPL
172.86250,297.46250
165.61250,314.96250
170.86250,334.96250
186.11250,344.96250
203.36250,340.71250
217.36250,333.46250
221.11250,322.46250
219.11250,310.21250
217.86250,298.71250
224.36250,287.96250
238.36250,275.71250
245.61250,264.71250
244.11250,248.71250
234.86250,239.46250
218.61250,242.21250
209.61250,250.96250
202.61250,262.46250
190.11250,268.71250
181.61250,275.96250
177.86250,284.71250
C

-color
t
80,95,61
SPL
218.08333,159.63888
227.33333,163.13889
244.08333,158.63888
253.40503,142.95583
249.78003,131.20583
236.53003,125.08083
223.53003,128.33083
216.03003,140.58083
214.28003,151.70583
C

-color
t
80,95,61
SPL
218.92500,298.07500
233.42500,313.57500
256.17500,309.82500
263.17500,286.32500
274.92500,262.32500
273.17500,243.57500
259.67500,231.07500
219.67500,219.32500
197.67500,235.57500
188.92500,266.07500
C

-color
t
77,88,69
SPL
212.55681,134.07955
212.55681,151.32954
218.80681,167.82954
232.55682,174.57954
255.55681,176.07954
277.05682,168.57954
288.55682,151.82954
287.80682,139.82954
269.30681,129.57955
257.80681,127.57955
249.80682,123.07955
242.30681,116.07955
240.05682,107.07955
245.80682,88.82954
245.30682,76.32954
237.30682,66.32954
219.80681,66.57954
213.05681,78.57954
214.80681,95.57954
212.05681,105.07954
208.05681,114.32955
208.80681,125.07955
C

-color
t
80,95,61
SPL
252.69444,330.23612
244.94444,344.98611
249.69444,362.98611
267.69444,368.98611
285.94444,367.98611
299.69444,361.23611
302.19444,347.98611
299.44444,335.48612
296.44444,326.23611
293.44444,314.73611
299.44444,301.23611
302.94444,285.98611
298.19444,275.48611
286.44444,271.48611
269.69444,277.23611
262.69444,291.48611
260.94444,304.48611
258.19444,318.23611
C

-color
t
80,95,61
SPL
266.39063,184.68750
274.89063,190.18750
289.14063,200.43750
308.14063,198.93750
320.64063,205.93750
322.64063,217.68750
315.14063,228.43750
300.39063,232.43750
280.39063,231.43750
271.89063,225.18750
260.14063,221.18750
246.39063,221.43750
235.39063,214.93750
233.89063,202.93750
242.14063,192.43750
255.14063,183.68750
C

-color
t
77,88,69
SPL
307.17857,173.98214
323.42857,163.48214
319.42857,136.98214
309.92857,124.23214
298.92857,105.98214
296.67857,84.48214
288.92857,64.98214
271.17857,63.48214
247.67857,93.98214
248.42857,115.48214
258.67857,127.48214
278.17857,130.98214
290.17857,145.73214
294.67857,165.73214
C

-color
t
80,95,61
SPL
315.85001,335.35000
302.85000,348.35000
300.60000,365.10000
314.35001,374.60000
334.10001,379.35000
344.85000,370.85000
346.10000,359.60000
342.10001,349.60000
339.10001,337.35000
343.60000,318.60000
340.85001,301.10000
330.35000,294.60000
320.35001,298.10000
316.60001,308.60000
319.60001,323.35000
C

-color
t
80,95,61
SPL
319.87500,235.14286
328.12500,242.39286
339.62500,249.89286
357.12500,246.89286
367.37500,246.39286
378.62500,255.14286
379.12500,271.39286
364.37500,284.64286
340.87500,287.64286
318.62500,279.89286
303.87500,271.39286
299.12500,257.14286
298.87500,241.89286
309.37500,233.39286
C

-color
t
80,95,61
SPL
322.61112,210.00000
330.61111,228.25000
345.36112,235.50000
359.86111,225.25000
361.61111,198.75000
352.86111,183.25000
326.11112,170.00000
308.36111,180.50000
309.86111,196.75000
C

-color
t
77,88,69
SPL
322.08333,127.63888
331.33333,131.13889
348.08333,126.63888
357.40503,110.95583
353.78003,99.20583
340.53003,93.08083
327.53003,96.33083
320.03003,108.58083
318.28003,119.70583
C

-color
t
80,95,61
SPL
317.25000,111.54167
316.25000,131.29167
333.75000,144.29167
355.75000,140.54167
365.50000,128.29167
366.75000,113.54167
373.75000,104.04167
386.50000,100.29167
397.50000,94.04167
400.00000,82.79167
393.75000,75.04167
377.75000,74.54167
350.25000,71.29167
337.75000,61.04167
309.50000,53.29167
298.25000,67.04167
303.00000,82.54167
314.50000,94.29167
C

-color
t
80,95,61
SPL
346.14584,317.27084
341.89584,342.27083
349.14584,357.77084
372.39583,366.77084
388.14583,366.02084
406.89584,358.77084
410.89584,343.02083
405.39584,331.27083
391.14584,327.02083
376.14584,321.27084
367.14584,312.52084
354.89584,309.27084
C

-color
t
77,88,69
SPL
370.08333,231.63888
379.33333,235.13889
396.08333,230.63888
405.40503,214.95583
401.78003,203.20583
388.53003,197.08083
375.53003,200.33083
368.03003,212.58083
366.28003,223.70583
C

-color
t
80,95,61
SPL
364.88043,181.61957
354.88043,173.61957
348.88043,163.86957
349.88043,152.36957
354.88043,142.61957
362.88043,134.61957
374.63043,132.36957
384.13043,135.86957
399.63043,137.86957
411.13043,147.86957
411.13043,162.36957
404.88043,175.36957
404.38043,191.11957
419.63043,213.61957
420.13043,227.61957
409.13043,237.11957
395.88043,238.86957
384.88043,242.11957
373.38043,238.61957
363.63043,225.36957
363.88043,211.11957
369.38043,200.36957
369.63043,189.36957
C

-color
t
80,95,61
SPL
378.08333,319.63888
387.33333,323.13889
404.08333,318.63888
413.40503,302.95583
409.78003,291.20583
396.53003,285.08083
383.53003,288.33083
376.03003,300.58083
374.28003,311.70583
C

-color
t
80,95,61
SPL
401.86363,328.36363
418.36363,339.36363
436.11363,334.61363
444.86363,317.36363
456.86363,302.11363
453.36363,281.36363
427.36363,269.61363
390.61363,278.36363
371.61363,291.86363
373.36363,306.86363
383.86363,324.61363
C

-color
t
77,88,69
SPL
410.08333,199.63888
419.33333,203.13889
436.08333,198.63888
445.40503,182.95583
441.78003,171.20583
428.53003,165.08083
415.53003,168.33083
408.03003,180.58083
406.28003,191.70583
C

-color
t
80,95,61
SPL
410.08333,143.63888
419.33333,147.13889
436.08333,142.63888
445.40503,126.95583
441.78003,115.20583
428.53003,109.08083
415.53003,112.33083
408.03003,124.58083
406.28003,135.70583
C

-color
t
80,95,61
SPL
404.35938,119.46875
404.35938,134.46875
412.10938,147.21875
427.85938,154.71875
449.35938,154.21875
472.10938,147.21875
489.35938,140.21875
492.60938,126.46875
483.85938,116.46875
458.10938,114.46875
444.60938,106.21875
437.35938,89.21875
427.10938,83.46875
411.60938,88.96875
406.35938,98.46875
403.35938,110.46875
C

-color
t
77,88,69
SPL
457.82500,367.82500
466.82500,388.07500
494.32500,388.57500
508.32500,370.07500
499.82500,348.07500
500.07500,317.07500
479.07500,306.07500
454.32500,313.32500
444.82500,326.32500
448.57500,342.32500
C

-color
t
80,95,61
SPL
458.08333,255.63888
467.33333,259.13889
484.08333,254.63888
493.40503,238.95583
489.78003,227.20583
476.53003,221.08083
463.53003,224.33083
456.03003,236.58083
454.28003,247.70583
C

