REC
500,100
600,400
-color
t
77,88,69
SPL
597.08334,442.70238
617.33334,446.45238
630.83334,445.95238
640.58334,440.20238
643.33334,420.20238
638.10163,405.66432
625.58334,400.95238
612.58333,402.45238
600.08334,395.70238
596.58333,383.95238
598.83333,369.95238
594.08333,359.20238
584.08333,356.95238
574.46202,365.00568
573.33334,379.95238
569.08334,404.20238
555.19336,413.97283
547.83334,426.20238
553.08334,437.95238
565.58334,440.95238
580.58334,436.70238
C

-color
t
80,95,61
SPL
551.33334,65.93750
567.33334,50.93750
597.33334,59.43750
610.58334,92.43750
597.08334,119.93750
569.08334,123.43750
545.83333,112.68750
524.08334,109.68750
504.33334,100.93750
498.33334,84.18750
509.83334,68.93750
529.33334,67.43750
C

-color
t
77,88,69
SPL
518.84091,342.69318
509.59091,333.19319
508.34091,315.94318
526.34091,293.44318
545.66476,291.19928
553.91477,304.69928
550.09091,323.44318
548.50397,336.40422
553.63049,345.06628
560.34801,352.49090
566.96591,362.44318
567.21591,371.19318
561.40867,382.71972
559.28735,393.67987
555.71591,403.56818
548.09091,410.69318
533.71591,410.69318
524.46591,401.44318
524.34091,389.94319
528.09091,381.19319
531.34091,370.69318
529.84091,360.44319
C

-color
t
80,95,61
SPL
514.06250,291.21875
492.81250,286.96875
485.81250,268.21875
487.31250,253.71875
511.81250,229.46875
541.06250,228.21875
550.31250,240.71875
552.31250,253.96875
557.81250,263.21875
576.81250,271.21875
584.81250,284.96875
581.56250,296.96875
569.81250,301.21875
555.81250,293.96875
544.31250,283.46875
526.81250,284.71875
C

-color
t
80,95,61
SPL
524.23611,196.95833
515.98611,180.95834
500.23611,171.95834
479.48611,182.95834
474.98611,198.70833
481.23611,214.70833
501.48611,223.20834
525.23612,222.95834
541.48612,224.45834
561.98611,236.95834
585.48611,235.45834
593.98611,229.45834
601.48611,220.20833
600.48611,201.70833
588.73611,191.45833
570.73611,189.45834
554.48612,197.95833
541.73611,203.45833
C

-color
t
77,88,69
SPL
519.41667,177.61667
531.91667,190.86667
550.16667,190.36667
558.41667,180.61667
563.16667,168.86667
575.91667,159.36667
579.66667,151.36667
578.41667,138.36667
567.91667,130.36667
548.66667,132.61667
532.91667,129.36667
523.66667,129.86667
507.41667,135.36667
495.66667,152.86667
501.66667,169.61667
C

-color
t
80,95,61
SPL
617.17857,385.98214
633.42857,375.48214
629.42857,348.98214
619.92857,336.23214
608.92857,317.98214
606.67857,296.48214
598.92857,276.98214
581.17857,275.48214
557.67857,305.98214
558.42857,327.48214
568.67857,339.48214
588.17857,342.98214
600.17857,357.73214
604.67857,377.73214
C

-color
t
80,95,61
SPL
592.09091,187.86364
588.59091,170.86364
588.59091,158.61364
592.84091,148.86364
605.84091,140.61365
617.84091,144.61365
622.09091,155.61365
620.34091,166.86364
621.84091,180.11364
617.34091,191.11364
601.34091,195.61364
C

-color
t
80,95,61
SPL
600.08333,267.63888
609.33333,271.13889
626.08333,266.63888
635.40503,250.95583
631.78003,239.20583
618.53003,233.08083
605.53003,236.33083
598.03003,248.58083
596.28003,259.70583
C

-color
t
77,88,69
SPL
595.50000,262.02084
607.00000,277.02084
628.25000,277.27084
640.00000,270.02084
642.75000,256.77083
642.50000,237.77083
655.75000,220.77084
656.50000,201.77084
641.25000,196.02084
608.00000,218.77084
596.50000,236.27083
592.25000,249.27083
C

-color
t
77,88,69
SPL
457.82500,367.82500
466.82500,388.07500
494.32500,388.57500
508.32500,370.07500
499.82500,348.07500
500.07500,317.07500
479.07500,306.07500
454.32500,313.32500
444.82500,326.32500
448.57500,342.32500
C

