REC
0,0
D
60.00000
100.00000
60.00000,100.00000
-color
t
80,95,61
SPL
8.07291,56.31250
-11.67708,60.56250
-32.67709,69.31250
-33.42709,91.56250
-18.17709,99.56250
-3.42708,95.81250
10.57291,99.81250
15.57291,110.81250
13.07292,120.56250
3.07291,125.56250
-16.67709,121.31250
-31.92709,127.81250
-37.42709,143.56250
-33.17709,153.81250
-23.67709,159.56250
-9.67708,158.31250
2.32291,153.81250
16.82292,147.06250
33.07291,132.56250
40.32291,112.56250
39.07291,95.06250
39.07291,78.81250
31.82291,67.31250
19.57291,57.81250
C

-color
t
109,111,64
SPL
35.42105,-43.84210
18.42105,-31.09210
13.17105,-14.09210
27.42105,-1.09210
46.42105,3.40790
61.92105,-9.34210
61.42105,-31.59210
67.67105,-52.84210
83.17105,-60.59210
96.42105,-62.09210
109.67105,-55.34210
125.42105,-53.34210
135.92105,-63.59210
133.42105,-77.34210
107.17105,-88.34210
82.92105,-90.34210
56.17105,-85.59210
43.17105,-75.34210
39.42105,-58.84210
C

-color
t
80,95,61
SPL
16.15790,24.57895
28.90790,41.57895
45.90790,46.82895
58.90790,32.57895
63.40790,13.57895
50.65790,-1.92105
28.40790,-1.42105
7.15790,-7.67105
-0.59210,-23.17105
-2.09210,-36.42105
4.65790,-49.67105
6.65790,-65.42105
-3.59210,-75.92105
-17.34210,-73.42105
-28.34210,-47.17105
-30.34210,-22.92105
-25.59210,3.82895
-15.34210,16.82895
1.15790,20.57895
C

-color
t
109,111,64
SPL
123.50000,31.57353
142.50000,26.82353
153.00000,31.82353
165.75000,43.32353
163.75000,62.32353
143.00000,76.57353
120.00000,82.82353
95.50000,78.07353
79.75000,85.82353
62.75000,83.07353
55.00000,67.82353
48.50000,45.32353
55.00000,31.82353
69.00000,31.07353
82.00000,43.07353
95.00000,52.57353
110.50000,48.32353
C

REC
0,0
D
200.00000
100.00000
200.00000,100.00000
-color
t
109,111,64
SPL
130.09091,155.42045
117.34091,169.17046
111.34091,188.92046
123.59091,203.67046
140.84091,205.42046
160.84091,196.42046
164.84091,180.17046
156.09091,162.92045
157.09091,147.67045
169.59091,139.92045
181.34091,142.17045
196.59091,153.42045
211.84091,155.17045
220.34091,143.92045
206.34091,116.92046
179.09091,100.42046
148.34091,82.92046
119.34091,92.42046
110.59091,104.42046
111.84091,116.67046
125.34091,128.92046
134.84091,143.17045
C

-color
t
109,111,64
SPL
264.42045,130.90909
278.17046,143.65909
297.92046,149.65909
312.67046,137.40909
314.42046,120.15909
305.42046,100.15909
289.17046,96.15909
271.92045,104.90909
256.67045,103.90909
248.92045,91.40909
251.17045,79.65909
262.42045,64.40909
264.17045,49.15909
252.92045,40.65909
225.92046,54.65909
209.42046,81.90909
191.92046,112.65909
201.42046,141.65909
213.42046,150.40909
225.67046,149.15909
237.92046,135.65909
252.17045,126.15909
C

-color
t
80,95,61
SPL
-43.84210,24.57895
-31.09210,41.57895
-14.09210,46.82895
-1.09210,32.57895
3.40790,13.57895
-9.34210,-1.92105
-31.59210,-1.42105
-52.84210,-7.67105
-60.59210,-23.17105
-62.09210,-36.42105
-55.34210,-49.67105
-53.34210,-65.42105
-63.59210,-75.92105
-77.34210,-73.42105
-88.34210,-47.17105
-90.34210,-22.92105
-85.59210,3.82895
-75.34210,16.82895
-58.84210,20.57895
C

-color
t
80,95,61
SPL
158.36842,-36.34210
148.86842,-14.84210
151.61842,1.65790
174.36842,9.15790
196.11842,5.40790
205.86842,-8.84210
208.86842,-22.84210
205.36842,-39.34210
207.61842,-53.34210
220.36842,-63.84210
233.86842,-69.59210
242.61842,-81.34210
239.36842,-99.09210
210.11842,-109.09210
187.86842,-102.84210
172.11842,-100.84210
155.86842,-89.34210
150.11842,-68.59210
159.11842,-53.59210
C

-color
t
109,111,64
SPL
63.50000,31.57353
82.50000,26.82353
93.00000,31.82353
105.75000,43.32353
103.75000,62.32353
83.00000,76.57353
60.00000,82.82353
35.50000,78.07353
19.75000,85.82353
2.75000,83.07353
-5.00000,67.82353
-11.50000,45.32353
-5.00000,31.82353
9.00000,31.07353
22.00000,43.07353
35.00000,52.57353
50.50000,48.32353
C

-color
t
109,111,64
SPL
138.06579,49.06579
147.31580,60.56579
152.06579,73.56579
158.56579,83.31579
176.06580,88.06579
186.81580,78.56579
182.81580,55.31579
179.31580,40.31579
174.81579,31.06579
172.81579,24.06579
169.56579,15.31579
163.31580,7.31579
148.06579,3.81579
125.06579,6.56579
108.31579,16.56579
93.56580,32.06579
96.56580,44.81579
109.81580,50.56579
124.81580,46.81579
C

-color
t
80,95,61
SPL
39.88235,138.10297
36.38235,117.35297
45.13235,98.85297
65.63235,90.60297
86.38235,92.85297
93.38235,112.85297
89.88235,132.60297
84.88235,153.35297
77.38235,166.60297
61.88236,179.60297
60.13236,198.35297
51.63235,213.10297
39.38235,214.60297
23.13235,198.60297
16.63235,178.85297
18.63235,164.10297
31.13235,152.10297
C

-color
t
109,111,64
SPL
57.13637,-30.50000
65.88637,-45.50000
87.13637,-52.75000
100.63637,-39.25000
103.38637,-24.25000
99.38637,-5.75000
93.88637,16.50000
71.63637,22.75000
57.38637,8.50000
46.38637,-3.50000
47.88637,-19.50000
C

