25
-180.96002
-112.67999
-189.96002
-191.67999
-135.96002
-239.67999
-58.96002
-232.67999
-32.96002
-171.67999
-43.96002
-106.67999
-30.96002
-51.67999
12.03998
-33.67999
81.03998
-38.67999
135.03998
-76.67999
186.03998
-79.67999
225.03998
-48.67999
222.03998
21.32001
164.03998
72.32001
106.03998
99.32001
82.03998
140.32001
81.03998
210.32001
41.03998
258.32001
-2.96002
253.32001
-43.96002
200.32001
-51.96002
138.32001
-46.96002
73.32001
-71.96002
32.32001
-92.96002
-0.67999
-136.96002
-33.67999
