28
-115.57141
-163.35712
-115.57141
-221.35712
-67.57141
-272.35712
3.42859
-290.35712
65.42859
-261.35712
100.42859
-188.35712
95.42859
-135.35712
73.42859
-79.35712
-1.57141
-9.35712
0.42859
51.64288
21.42859
87.64288
74.42859
109.64288
147.42859
95.64288
214.42859
110.64288
240.42859
162.64288
227.42859
212.64288
188.42859
243.64288
92.42859
230.64288
0.42859
231.64288
-56.57141
194.64288
-81.57141
126.64288
-127.57141
79.64288
-190.57141
54.64288
-222.57141
12.64288
-218.57141
-42.35712
-182.57141
-76.35712
-146.57141
-93.35712
-122.57141
-121.35712
