28
-157.39288
-40.53571
-165.39288
-109.53571
-143.39288
-160.53571
-91.39288
-180.53571
-18.39288
-162.53571
10.60712
-121.53571
11.60712
-82.53571
3.60712
-40.53571
32.60712
14.46429
84.60712
19.46429
119.60712
-30.53571
139.60712
-124.53571
204.60712
-154.53571
248.60712
-114.53571
237.60712
-40.53571
205.60712
26.46429
130.60712
68.46429
65.60712
73.46429
10.60712
104.46429
-12.39288
144.46429
-25.39288
186.46429
-56.39288
214.46429
-111.39288
222.46429
-153.39288
202.46429
-182.39288
147.46429
-169.39288
98.46429
-140.39288
56.46429
-137.39288
3.46429
