26
-197.23077
10.80769
-249.23077
45.80769
-248.23077
115.80768
-206.23077
148.80768
-158.23077
143.80768
-114.23077
116.80768
-74.23077
90.80768
-6.23077
96.80769
23.76923
112.80769
78.76923
123.80769
132.76923
123.80768
161.76923
93.80768
161.76923
57.80768
133.76923
23.80768
103.76923
-24.19232
114.76923
-67.19232
146.76923
-107.19232
157.76923
-148.19232
133.76923
-183.19232
87.76923
-206.19232
24.76923
-195.19232
-2.23077
-159.19231
-8.23077
-116.19231
-13.23077
-71.19231
-78.23077
-18.19231
-131.23077
-7.19231
