25
-105.79999
-83.51999
-55.79999
-55.51999
-10.79999
-57.51999
15.20001
-93.51999
22.20001
-152.51999
49.20001
-201.51999
102.20001
-211.51999
146.20001
-184.51999
170.20001
-132.51999
157.20001
-63.51999
104.20001
-18.51999
60.20001
40.48001
61.20001
100.48001
99.20001
149.48001
109.20001
199.48001
78.20001
236.48001
-30.79999
241.48001
-59.79999
192.48001
-44.79999
111.48001
-64.79999
68.48001
-109.79999
50.48001
-160.79999
39.48001
-198.79999
-13.51999
-184.79999
-61.51999
-152.79999
-84.51999
