26
-57.96155
139.03845
-58.96155
77.03845
-26.96155
21.03845
29.03845
12.03845
62.03845
35.03845
87.03845
80.03845
119.03845
111.03845
161.03845
110.03845
183.03845
81.03845
182.03845
23.03847
185.03845
-18.96155
175.03845
-60.96155
163.03845
-94.96155
137.03845
-127.96153
95.03845
-143.96153
30.03845
-127.96153
-17.96155
-87.96153
-84.96155
-73.96153
-123.96155
-75.96153
-176.96155
-70.96153
-213.96155
-35.96153
-220.96155
9.03847
-203.96155
62.03845
-188.96155
129.03845
-148.96155
183.03845
-84.96155
181.03845
