25
-96.28000
-103.88000
-97.28000
-163.88000
-61.28000
-204.88000
31.72000
-219.88000
101.72000
-185.88000
131.72000
-141.88000
131.72000
-106.88000
112.72000
-69.88000
83.72000
-35.88000
62.38547
0.32962
65.72000
45.12000
82.18446
74.57584
110.46873
105.68854
120.36823
133.26570
111.17584
164.37840
75.82050
189.12714
14.30221
180.64186
-33.28000
158.12000
-100.24909
131.14438
-131.36179
120.53777
-166.01003
94.37482
-177.32373
53.36263
-158.23184
16.59308
-127.28000
-5.88000
-95.28000
-42.88000
