26
-115.46155
-104.15384
-179.46155
-131.15384
-234.46155
-106.15384
-256.46155
-68.15384
-270.46155
-17.15384
-269.46155
45.84616
-251.46155
100.84616
-194.46155
164.84616
-139.46155
204.84616
-56.46155
209.84616
15.53845
182.84616
76.53845
169.84616
115.53845
123.84616
118.53845
86.84616
119.53845
52.84616
132.53845
16.84616
177.53845
-9.15384
234.53845
-32.15384
254.53845
-66.15384
249.53845
-110.15384
212.53845
-151.15384
144.53845
-157.15384
81.53845
-146.15384
45.53845
-103.15384
4.53845
-64.15384
-53.46155
-55.15384
