25
-81.52002
-201.56000
-151.52002
-192.56000
-183.52002
-152.56000
-167.52002
-101.56000
-77.52002
-57.56000
-58.52002
-13.56000
-68.52002
21.44000
-87.52002
54.44000
-98.52002
99.44000
-89.52002
140.44000
-48.52002
187.44000
14.47998
224.44000
84.47998
221.44000
115.47998
189.44000
122.47998
132.44000
123.47998
86.44000
149.47998
49.44000
170.47998
19.44000
169.47998
-25.56000
146.47998
-50.56000
92.47998
-57.56000
40.47998
-50.56000
-1.52002
-66.56000
-26.52002
-105.56000
-37.52002
-155.56000
