26
-196.03845
-108.84616
-198.03845
-178.84616
-166.03845
-234.84616
-77.03845
-256.84616
1.96155
-246.84616
71.96155
-193.84616
62.96155
-134.84616
21.96155
-84.84616
6.96155
-14.84616
40.96155
41.15384
110.96155
47.15384
149.96155
25.15384
200.96155
-1.84616
243.96155
5.15384
264.96155
49.15384
230.96155
115.15384
140.96155
133.15384
70.96155
140.15384
10.96155
165.15384
-82.03845
234.15384
-144.03845
215.15384
-159.03845
159.15384
-131.03845
105.15384
-110.03845
64.15384
-127.03845
9.15384
-164.03845
-47.84616
