25
-91.56000
-139.23999
-171.56000
-109.23999
-194.56000
-40.23999
-234.56000
76.76001
-197.56000
123.76001
-145.56000
123.76001
-115.56000
85.76001
-106.56000
31.76001
-68.56000
-11.23999
-2.56000
-12.23999
27.44000
18.76001
39.44000
57.76001
49.44000
105.76001
94.44000
177.76001
143.44000
194.76001
178.44000
169.76001
181.44000
106.76001
162.44000
45.76001
122.44000
-22.23999
80.44000
-65.23999
61.44000
-102.23999
52.44000
-144.23999
32.44000
-177.23999
-6.56000
-194.23999
-54.56000
-176.23999
