27
-167.00000
-115.55554
-212.00000
-79.55554
-229.00000
-22.55554
-217.00000
54.44446
-200.00000
136.44446
-167.00000
202.44446
-108.00000
216.44446
-52.00000
170.44446
-50.00000
91.44446
-49.00000
44.44446
-15.00000
8.44446
28.00000
5.44446
72.00000
32.44446
99.00000
75.44446
131.00000
110.44446
179.00000
117.44446
222.00000
84.44446
235.00000
12.44446
229.00000
-28.55554
189.00000
-65.55554
112.00000
-92.55554
71.00000
-103.55554
38.00000
-133.55554
11.00000
-170.55554
-35.00000
-189.55554
-87.00000
-187.55554
-129.00000
-164.55554
