27
-98.51855
-70.85184
-100.51852
-117.85184
-88.51855
-168.85184
-55.51852
-194.85184
-9.51855
-183.85184
16.48145
-136.85184
14.48148
-72.85184
22.48148
-18.85184
58.48145
8.14816
110.83826
-2.45839
151.48145
-35.85184
195.48145
-44.85184
237.48145
-14.85184
240.48145
50.14816
191.48145
92.14819
113.48145
129.14816
70.48145
156.14816
30.48145
173.14816
-3.51855
165.14816
-25.51855
144.14816
-43.51855
120.14816
-60.51855
103.14816
-91.51855
84.14816
-121.51855
57.14816
-132.51855
22.14816
-127.51855
-4.85184
-109.51855
-40.85184
