27
-108.29630
-40.59259
-117.29630
-101.59259
-113.29630
-139.59259
-91.29630
-180.59259
-30.29630
-194.59259
12.70370
-186.59259
39.70370
-162.59259
44.70370
-111.59259
24.70370
-68.59259
22.70370
-29.59259
44.70370
-0.59259
84.70370
6.40741
139.70370
-15.59259
188.70370
-18.59259
222.70370
3.40741
228.70370
45.40741
196.70370
86.40741
97.70370
78.40741
48.70370
89.40741
4.70370
128.40741
-19.29630
176.40741
-66.29630
207.40741
-111.29630
198.40741
-136.29630
165.40741
-149.29630
127.40741
-152.29630
77.40741
-136.29630
36.40741
