27
-181.77777
-74.59259
-226.77777
-138.59259
-209.77777
-204.59259
-143.77777
-253.59259
-30.77777
-258.59259
59.22223
-227.59259
77.22223
-146.59259
40.22223
-106.59259
-15.77777
-73.59259
-35.77777
-34.59259
-51.77777
28.40741
-16.77777
85.40741
24.22223
102.40741
70.22223
93.40741
97.22223
58.40741
126.22223
14.40741
169.22223
-0.59259
206.22223
21.40741
217.22223
69.40741
185.22223
127.40741
163.22223
176.40741
85.22223
199.40741
-4.77777
201.40741
-78.77777
165.40741
-114.77777
105.40741
-143.77777
41.40741
-158.77777
-19.59259
