27
-90.74075
19.11111
-127.74075
-61.88889
-134.74075
-154.88889
-108.74075
-203.88889
-53.74075
-231.88889
10.25925
-228.88889
42.25925
-205.88889
53.25925
-168.88889
41.25925
-126.88889
23.25925
-72.88889
13.25925
-25.88889
29.25925
3.11111
67.25925
18.11111
111.25923
4.61111
164.25925
-11.88889
207.25923
6.11111
220.25923
52.61111
187.25923
96.11111
80.25925
118.11111
43.25925
158.11111
26.25925
215.11111
-11.74075
247.11111
-69.74075
239.11111
-98.74075
200.11111
-99.74075
161.11111
-94.74075
120.11111
-85.74075
82.11111
