26
-57.61047
-112.03568
-34.62950
-153.40143
27.00000
-169.11539
119.00000
-170.11539
176.00000
-141.11539
201.00000
-97.11539
190.00000
-57.11539
148.00000
-41.11539
80.00000
-52.11539
34.31341
-47.33541
7.08980
-15.51561
6.02914
23.02171
24.41392
58.02350
41.00000
107.88461
15.00000
165.88461
-29.00000
189.88461
-67.00000
181.88461
-92.00000
164.88461
-113.00000
137.88461
-130.00000
107.88461
-146.70593
57.31639
-143.00000
21.88461
-120.00000
-3.11539
-86.24830
-20.11180
-62.00000
-47.11539
-57.96403
-77.03390
