29
-77.89655
-126.06897
-102.89655
-171.06897
-80.39655
-230.06897
-23.89655
-251.06897
27.10345
-245.06897
85.10345
-225.06897
128.10345
-180.06897
145.10345
-141.06897
150.10345
-82.06897
132.10345
-34.06897
78.10345
6.93103
47.10345
41.93103
38.10345
79.93103
65.10345
151.93103
68.54963
191.22751
54.10345
241.93103
-2.89655
269.93103
-108.22707
282.44427
-159.89655
262.93103
-183.89655
186.93103
-177.89655
127.93103
-126.89655
99.93103
-62.89655
86.93103
-14.89655
60.93103
47.10345
-16.06897
72.10345
-76.06897
53.60345
-113.56897
13.10345
-125.06897
-38.89655
-115.56897
