26
54.76923
-62.03845
73.76923
-118.03845
112.76923
-151.03845
204.76923
-153.03845
267.76923
-132.03845
289.76923
-92.03845
282.76923
-56.03845
244.76923
-23.03845
202.76923
8.96155
134.76923
34.96155
52.76923
56.96155
-36.23077
57.96155
-92.23077
70.96155
-118.23077
97.96155
-142.23077
123.96155
-179.23077
136.96155
-228.23077
123.96155
-256.23077
80.96155
-254.23077
33.96155
-236.23077
10.96155
-200.23077
-4.03845
-110.23077
-5.03845
-78.23077
-3.03845
-52.23077
-5.03845
-7.23077
-12.03845
25.76923
-29.03845
