27
-76.85184
-102.59259
-64.85184
-172.59259
1.14816
-205.59259
81.14816
-229.59259
155.14816
-198.59259
204.14816
-171.59259
242.14816
-139.59259
244.14816
-85.59259
201.14816
-50.59259
113.14816
-54.59259
73.14816
-45.59259
55.14816
-10.59259
50.14816
52.40741
55.14816
96.40741
51.14816
164.40741
10.14816
199.40741
-23.85184
207.40741
-75.85184
197.40741
-115.85184
182.40741
-178.85184
143.40741
-199.85184
97.40741
-195.85184
63.40741
-177.85184
39.40741
-151.85184
27.40741
-108.85184
15.40741
-81.85184
-11.59259
-75.85184
-59.59259
