28
-159.67856
-57.42856
-144.67859
-114.42856
-87.67856
-154.42856
26.32144
-158.42856
144.32144
-149.42856
222.32144
-126.42856
242.32144
-87.42856
225.32144
-50.42856
160.32144
-38.42856
103.32144
-53.42856
43.32144
-47.42856
19.32144
-25.42856
13.32144
3.57144
16.32144
42.57144
46.32141
77.57141
89.32141
94.57141
120.32141
127.57141
118.32141
169.57141
68.32141
201.57141
6.32141
186.57141
-75.67859
134.57141
-151.67859
132.57144
-193.67856
112.57144
-212.67856
84.57144
-215.67856
60.57144
-207.67859
35.57141
-186.67859
11.57144
-164.67859
-20.42856
