28
-241.85715
-107.10715
-192.85715
-142.10715
-107.85715
-160.10715
-9.85718
-172.10715
27.14282
-133.10715
12.14282
-64.10715
-31.85718
-29.10715
-54.85718
9.89285
-51.85718
41.89285
-21.85718
67.89285
17.14282
67.89285
79.14285
24.89285
130.14285
-38.10715
149.14282
-94.10715
187.14282
-127.10715
241.14282
-118.10715
274.14282
-65.10715
240.14282
7.89285
141.14285
67.89285
111.14285
99.89285
65.14285
122.89285
40.14285
156.89285
-3.85715
186.89285
-77.85715
168.89285
-137.85715
117.89285
-194.85718
55.89285
-252.85715
7.89285
-258.85715
-42.10715
