25
-101.64001
-108.76001
-51.64001
-151.76001
4.35999
-206.76001
79.35999
-193.76001
129.35999
-145.76001
121.35999
-99.76001
78.35999
-59.76001
32.35999
-7.76001
40.35999
45.23999
87.35999
79.23999
152.35999
83.23999
218.35999
82.23999
261.35999
122.23999
244.35999
185.23999
158.35999
202.23999
76.35999
179.23999
2.35999
153.23999
-60.64001
120.23999
-96.64001
99.23999
-188.64001
59.23999
-259.64001
-2.76001
-279.64001
-46.76001
-264.64001
-100.76001
-222.64001
-120.76001
-173.64001
-112.76001
