27
-119.48145
-124.00000
-171.48148
-117.00000
-244.48148
-56.00000
-255.48148
-2.00000
-217.48148
91.00000
-153.48145
196.00000
-80.48145
191.00000
-50.48148
138.00000
-60.48148
89.00000
-67.48145
54.00000
-58.48148
26.00000
-28.48145
6.00000
8.51855
-5.00000
47.51855
4.00000
73.51855
39.00000
88.51852
89.00000
138.51855
132.00000
198.51852
136.00000
243.51852
63.00000
246.51852
-5.00000
208.51852
-70.00000
163.51852
-96.00000
108.51855
-142.00000
68.51855
-201.00000
2.51852
-211.00000
-46.48145
-172.00000
-82.48148
-133.00000
