29
-93.58621
12.24139
-95.58621
58.24139
-115.58621
114.24139
-121.58621
163.24138
-82.58621
213.24138
-34.58621
237.24139
13.41379
213.24139
32.41379
169.24139
44.41379
125.24139
83.41379
92.24139
141.41379
96.24139
197.41379
104.24139
246.41379
64.24139
241.41379
14.24139
197.41379
-7.75861
128.41379
11.24139
72.41379
20.24139
24.41379
-7.75861
22.41379
-76.75861
54.41379
-125.75861
80.41379
-181.75861
58.41379
-232.75861
-8.58621
-239.75861
-84.58621
-205.75862
-136.58621
-182.75862
-194.58621
-129.75862
-193.58621
-87.75862
-158.58621
-51.75861
-118.58621
-27.75861
