25
-172.64001
-62.96001
-248.64001
-10.96001
-258.64001
67.03999
-246.64001
172.03999
-207.64001
220.03999
-121.64001
227.03999
-83.64001
160.03999
-88.64001
86.03999
-70.64001
39.03999
-46.64001
4.03999
-8.64001
-20.96001
33.35999
-31.96002
75.35999
-15.96002
105.35999
23.03998
140.35999
64.03999
224.35999
73.03999
291.35999
-24.96001
269.35999
-109.96001
221.35999
-163.96001
132.35999
-200.96001
81.35999
-162.96002
58.35999
-112.96001
29.35999
-85.96001
-15.64001
-71.96002
-71.64001
-65.96001
