25
-173.43994
79.20001
-239.43994
123.20001
-231.43994
214.20001
-144.43994
267.20001
-88.43994
256.20001
-50.43994
206.20001
-7.43994
146.20001
40.56006
130.20001
95.56006
115.20001
129.56006
74.20001
123.56006
12.20001
106.56006
-37.79999
117.56006
-82.79999
150.56006
-120.79999
165.56006
-175.79999
140.56006
-211.79999
97.56006
-219.79999
51.56006
-213.79999
-15.43994
-189.79999
-37.43994
-162.79999
-40.43994
-117.79999
-39.43994
-77.79999
-49.43994
-35.79999
-73.43994
19.20001
-112.43994
57.20001
