27
-168.29633
-106.14816
-133.29633
-154.14816
-80.29633
-156.14816
-51.29633
-127.14816
-30.29633
-82.14816
0.70367
-52.14816
40.70367
-51.14816
79.70367
-74.14816
122.70367
-98.14816
169.70367
-101.14816
210.70367
-76.14816
227.70367
-29.14816
211.70367
7.85184
181.70367
33.85184
162.70367
63.85184
143.70367
106.85184
86.03462
152.47064
35.12293
145.39957
7.54577
112.16555
-14.29633
72.85184
-46.29633
50.85184
-77.30704
49.94015
-123.29633
67.85184
-156.29633
64.85184
-182.29633
38.85184
-186.29633
-5.14816
-172.29633
-60.14816
