28
-127.53571
38.75000
-118.53571
51.75000
-106.03571
78.50000
-106.28571
118.25000
-96.28571
178.75000
-54.53571
210.75000
-10.28571
212.25000
28.46429
175.75000
39.46429
120.75000
48.46429
61.75000
62.46429
16.75000
90.46429
-2.25000
120.46429
-8.25000
151.21429
-15.75000
186.21429
-35.25000
204.71429
-80.75000
190.21429
-125.25000
120.46429
-158.75000
64.46429
-163.75000
32.46429
-144.75000
-1.53571
-105.25000
-41.53571
-92.25000
-80.53571
-95.75000
-121.53571
-98.75000
-155.53571
-82.75000
-170.53571
-47.75000
-160.53571
-2.75000
-139.53571
23.25000
