25
-94.16000
36.32001
-161.16000
72.32001
-181.16000
145.32001
-172.16000
235.32001
-122.16000
279.32001
-54.16000
264.32001
-27.16000
205.32001
-8.16000
137.32001
20.64908
95.25610
87.11712
81.11396
146.51408
71.92158
176.21257
33.73781
173.38416
-9.39571
149.34251
-39.80130
114.69428
-75.86375
106.20900
-132.43230
111.15875
-176.98001
95.84000
-216.67999
35.84000
-235.67999
-62.16000
-213.67999
-90.16000
-161.67999
-86.16000
-118.67999
-62.16000
-84.67999
-43.16000
-46.67999
-48.16000
2.32001
