25
-71.23999
-122.56000
-70.23999
-193.56000
-17.23999
-245.56000
87.76001
-241.56000
138.76001
-185.56000
143.76001
-123.56000
73.76001
-63.56000
51.76001
-24.56000
65.76001
35.44000
121.76001
68.44000
202.76001
65.44000
244.76001
100.44000
229.76001
163.44000
114.76001
184.44000
16.76001
133.44000
-32.23999
108.44000
-85.23999
112.44000
-155.23999
144.44000
-229.23999
107.44000
-250.23999
43.44000
-233.23999
1.44000
-173.23999
-12.56000
-108.23999
3.44000
-64.23999
-12.56000
-49.23999
-63.56000
