25
-168.67999
35.20001
-163.07729
69.14619
-154.67999
114.20001
-97.67999
191.20001
-14.93841
184.75815
13.34586
146.22083
36.68039
87.53097
101.38066
59.24669
160.07053
77.27792
196.48653
76.57081
230.07410
51.11496
236.43806
0.55683
203.91115
-64.85055
190.12256
-128.13661
151.93880
-157.12799
107.03751
-146.52138
70.97507
-105.86274
36.32684
-76.87136
-37.67999
-84.79999
-120.67999
-133.79999
-176.67999
-124.79999
-202.67999
-92.79999
-208.33212
-56.71882
-202.67526
-29.14166
-188.67999
-1.79999
