27
-188.22223
-189.18518
-216.22223
-272.18518
-158.22223
-340.18518
-52.22223
-345.18518
86.77777
-328.18518
156.77777
-285.18518
158.77777
-212.18518
109.77777
-157.18518
80.77777
-89.18518
94.77777
-37.18518
134.77777
32.81482
249.77777
83.81482
260.77777
174.81482
179.77777
211.81482
71.77777
215.81482
8.77777
299.81482
-45.22223
339.81482
-92.22223
322.81482
-107.22223
258.81482
-70.22223
209.81482
-31.22223
174.81482
-22.22223
125.81482
-70.22223
68.81482
-114.22223
42.81482
-151.22223
0.81482
-157.22223
-67.18518
-156.22223
-128.18518
