29
-129.48279
-35.51721
-167.48279
-4.51721
-188.48279
27.48279
-201.48279
72.48279
-208.48279
151.98279
-175.98279
184.48279
-123.48279
180.98279
-93.48279
150.48279
-74.48279
118.48279
-35.98279
95.48279
3.51721
99.98279
36.51721
107.98279
69.01721
101.98279
95.01721
79.48279
118.01721
38.48279
151.01721
15.98279
184.01721
10.98279
212.01721
-1.51721
229.51721
-25.01721
231.01721
-59.51721
202.51721
-94.51721
131.51721
-108.51721
87.51721
-128.51721
57.51721
-160.51721
13.51721
-188.51721
-25.48279
-180.51721
-66.48279
-151.51721
-89.48279
-119.51721
-105.48279
-86.51721
